   12.860397452002330        5.1293006908692060       0.54661135689556373     
   8.2876079935241798       -3.6655932037861074       0.25469631704819801     
   4.2114410820974513       -8.5751366481447615        3.4406455992772749     
   5.5054088753847772        4.2626427962614422       0.78335206140775648     
  -7.6005900419049253       0.35157756660406259        4.7613332258536651     
  -4.1293391670471751        15.707284521688955        10.217054838423065     
  -14.276233430160707        1.3482758439717684       -5.5666892880000276     
  -7.5344075181789689      -0.56619288929932488        8.0649178858005079     
 -0.11110117830068188       -13.368079408109159        1.8635046245213414     
   3.4694467522740062        6.7237133727122043        6.9699582868772856     
   7.1415405054606698       0.96539840951893030       -7.8962746131252777     
  -2.5550978560257858        10.745840859231635        1.2789615607746991     
  -12.574777180126819       -1.8634713218840671        2.9033871017691446     
   2.1227134958192919       -7.0001401557065348       -4.2621538995241677     
  -6.8389390708863349        7.8324120062920679        7.2283916231660319     
  -1.7240188808358490       -2.3894024750326497       -5.2199912589020379     
  -4.3903063958816668        3.2172431537565558        6.1944091068009079     
  -7.6338226958104389       -7.6638806075197934       -4.5341099036967831     
  -12.174607526608476        3.6022523110993228        1.8534047606631316     
  -7.7967010993640651        9.0138524025191487        5.3995230245217014     
   7.1530571050789504       -1.5407107070142005        4.6088015506380522     
  -1.3381993074413270       -6.7781539582321564        1.1449430358409947     
  0.62673387310055240       -9.5393845513623141        4.5356609553041816     
   8.6156017854128564       -12.706607978401975       -1.8825503071177963     
   5.4336940067652524        10.592878348495928        12.643680910920887     
  -6.4952918200406984       -3.2341257251918347        4.6600257875529909     
  -5.3816062329306886       -2.0447844112360447       -5.9591712704700219     
   7.3020789652960216       -2.9376851674160260        1.7384276329739845     
  -17.984827036531104        1.7014500459384159       -9.8907787649787640     
  -1.5599401523945646        5.2038257698959871        13.186076192173495     
  -8.8423078881559665        1.6405016030479076       -11.910939663398157     
   12.014823686715866       -2.9103974203929703        16.111668295767164     
   1.9021124089963271        6.8661518468691165        6.0564097225968823     
   11.636892405599122       -6.1794217829776592        9.1933142999419371     
   9.7932533900078056       -8.9120760840977589       -14.226977553714285     
   2.7943612036854035        12.492758248484927        11.804824591973478     
  -3.3289311338419858       -5.3107200976318891       0.22939425041867809     
  -3.9694759433566484      -0.58736239101268595        1.8425721139152216     
   7.4065210499152698       -6.4240122213259490       -2.3269008356253202     
  -8.1579029740536235        2.0379353711759922       -11.077675919706556     
  -6.1135482328394177        1.4685236950274081      -0.17523871646124914     
   4.6125784087159083        1.3625189241709028       0.77157202733687413     
  -7.9348709215604067        3.9397457737505310        8.1135699969695292     
  0.81716624983434993        5.4969640046705015       -4.0949602150913940     
  0.61208479308503061       -5.6738790029769621       -6.0682290378446702     
   8.0295289033800774       -14.545665396816664       0.46136886285010659     
   2.0826966675882641       -1.4854974889994619       -10.216280069365505     
  -8.2583686162746641       -4.0578333779245117        5.4382121252163014     
  -5.2621783397502702       -10.188813264538453        7.2684080936176425     
   6.1344615300522554       -5.8283902163472154        10.903375296597650     
   2.4284639686417178        8.0105626403627284        2.0969384556802968     
  -6.1930958110899832        5.3029299210375953        10.552254890213959     
  -1.8648811292534972       -9.8159055058934364        1.4214566477199109     
  -18.643840665373101        6.8138221487392352        11.163752385477926     
  -2.3955248763315984       -4.9676742601889412       -5.2793547392054219     
   12.649191296540018       -2.8732487858885789       -11.998734287453997     
  0.31837145918755783       -12.727120119591653       -2.9727675557215885     
  -4.8470336096726125        8.1352932630443373        4.6135311723883552     
   4.0265979876802174      -0.89097316356433587       0.80823871885622089     
   6.9068129359715007       -10.601538313729808       -8.5387382524155147     
   10.179449736878027       -1.5357319843508703       -3.1666981246692800     
   8.4484903918420180        2.6486327180003988       -2.8652060955622187     
   1.8522226491903451        5.5576966958317442       -10.998931317808463     
  -5.4658300831629880        7.0713415158721658        7.2700646499846950     
  -9.9754585816557544        4.2639304981252941        1.0626649532826580     
  -2.7229974429491604       -6.2902767306542033       0.29502320929851961     
   7.0111391809415311        4.2183234128582736        5.4861018698797244     
  -5.0951509791001595        2.3003602584395804        7.2561505312223744     
   2.8237932677331608       -3.9462931020481511       -4.6810089110210953     
  0.35998522231732355       -7.1539259619908284       0.54344613406471920     
  -2.0228815767541746       -3.0337739486955182       -6.2420364647471978     
  -2.6774506371998634       -13.272650611275752       -3.9616396517048491     
   5.3478037899100830       -2.5629647582978987        11.683140302891267     
   3.6269969039252556       -10.438559194378628        2.0807023505510989     
   4.6484973586910190        4.3836894868672642        12.173677234539758     
  -9.0282560594519659       -1.3056643719657266       0.33060480744823667     
   4.9523600438398292       -6.4707392111260349       -5.3152514042948509     
   6.8032173458720164        6.5792450523639756      -0.40636925430177012     
  -3.0360027195328021        1.1818712851512270       -6.9492221538342340     
  -1.2885775908250356       -6.2893944305375120       -4.6791041857262554     
  0.71520392908457497        1.6606625403329625        8.9442754100793298     
   7.2710838843123664       -11.809803093751590        3.2995779399238896     
   6.4474718115618055        5.4689762206432775        8.5245085465051282     
  -12.016098287405265        2.5606644362616688E-002  -12.914272273484809     
   1.8726375540741758        7.7739340286778713       0.36084949808218264     
  -2.3474274201784362        4.7811833631800651       -5.6720876924713748     
   3.6480506513409598        5.9427831341021360        3.9995363003724984     
   8.7662292972448164        6.7050117515989207      -0.26313828324360233     
   5.7634033635360478        5.7835003284227540        3.5777197247664723     
   3.2612142306521186        6.5853923039054969        4.2212613072247747     
   5.1113613416693617      -0.63799850023137883       -6.8592982763047265     
  -5.8427020975386910       -1.9953485122436927      -0.57166913974952072     
   5.4643128359674291       -12.548249301843841        8.1516291234686111     
  -5.4071727584176816        9.4120818366481647        7.8689839649264082     
  -13.787429874749721       -12.984064139456136        8.4878146015515750     
  -2.1579590897312761       -7.6111585861357547        3.2641488344777665     
   6.7256142560362298       -9.2543128240031880        8.4922894114709031     
  0.19022866894634347        8.3325307205502419       -8.5004056450868575     
  -5.0977780403189810        13.912925325993530        9.1027366125789158     
   4.7505087226327154        5.2566387574180595        4.4629438443509111     
  -13.998505317497752        18.200679362456057        11.397251162623588     
   7.8972045511521038        1.4799720537753132        3.7399461570803036     
  -1.9576227220456501        2.9673425300357348      -0.30285549842618359     
 -0.60874763232717177       -4.7626770524412265       -3.9164934846286839     
   2.9435924974795111       -1.8654677392599737       -9.7061728141546624     
   16.941979140328179       -8.0908562657789531        4.1015308079961201     
   15.651575807807898      -0.61342842962874455        7.6450643535034173     
  0.41422109432779630       -2.3087586542267533       -4.8632084984819697     
 -0.26488320025823398        11.710021467568902      -0.75958549808437981     
   12.637341601703906       -14.617079544534587       -3.6331062278876738     
  0.14025040972597583       -4.6551792695018470       -3.0470444817148827     
   3.6748685086631756        5.0752644887699638       -3.2639035010243251     
  -2.0829847556110757        9.7209621951993128       -2.4410385977143876     
   8.1706819667428441       -10.670253912085968        4.9972590026020409     
  -13.527348346011573       -13.224584936863343       -4.6467319429234468     
  -1.6948027074843210       -8.8708369365290132       -2.9263001977828069     
   1.7841185188751132        3.0195084072000169       -9.0735765437519280     
 -0.56084477035057179       0.10953071915339942        1.8195318816189854     
  -11.835816085204954       -1.1158680395783465        2.4426921588964747     
  -14.055709675505341       -7.1804332670937310        10.495138967658963     
   8.3209375909676382       -7.5284522613573692        9.7304685863467935     
  -4.2329102070136111        9.3248267541522214       -1.5437488803911763     
   2.2997822842209552       -6.6165493507412716       -10.014891906378908     
   3.0018748526402224       -11.752517671234799        7.4223731624374309     
   1.6074921378120561        7.8196099547575404        8.6424272814628011     
  -3.5029483361924081       -7.9723872746752136        15.627116833813677     
  0.99841090992984471      -0.32185125978122259       -3.6680278323570117     
   1.9673818596408266       -6.3783333629837893       -2.6038139942404368     
 -0.16548302348748398       -4.1424127125128258       -3.3123921313501348     
  -1.4290632021435097       0.20708226374868585       -6.6851788382035648     
   1.9083100048929172E-002  -5.3747056537430931       -3.8224538087184654     
   13.215689009987425       -2.5937340421202557        9.1407202447848022     
  -4.0645029341186536       0.19541576789153403       -1.6541721674585148     
  -1.9351490962835347        5.8717358409011293        2.6432758662265683     
   1.2445601300434521        1.8217576486841225       -1.4243531234386964     
  -7.6311408897603137        9.8385934731375126       -3.7540055012210125     
  -5.9659890115681407        4.4557624439410457       -7.8271076597481528     
  -4.0572322915764474        4.6236167649071334        16.277489155092283     
   9.4113601511775009        8.5712098325090054        5.6883155974316724     
  0.42512070581477346       -4.0020397124682647       -2.6839974232275647     
   6.4375526282656566        1.2057605671854268        4.7174528376544203     
  -3.9291378788584344        8.7730601871044112       0.78866630273157368     
   2.5975300046660950        8.7744765939635450       -4.3730136613585611     
  -5.4739626669160435E-002   7.8647166008479763       -1.9651317496933225     
   6.9952352398406221        3.0878186591816172        14.325533257212244     
  -7.3931941288008565        7.6954766450511922        14.107209749177313     
  0.57221056771955570       -4.9208643326801456      -0.14694826749462572     
   5.7344524322801540      -0.55474064252099475        6.9527506567246817     
  -9.1649457732236659       -1.6142861170080929        5.8455715042749530     
 -0.38720025076114145        11.186843035701665        1.2743492044891258     
  -5.4959268129782188       -1.0091124230066595      -0.51027691772128103     
  0.41329655846212676        8.2938805307162990       -3.5673135484990985     
  -2.2689389297179123       0.97503459366142342       -7.0653367635517608     
  -2.1255053594302287        3.4753278297006589       -3.7737753803931757     
   5.1471189311668053E-002   5.3457662427055652       -5.8056965056391379     
   6.3318732555050419        10.839521297468353        7.3701561417865067     
   11.809700739304034       -3.4661743412765702        9.2464999972014095     
  -10.879412734547579        3.6148627202078116        7.9741297635930541     
   1.7555378614661148       0.73970435017941927       -4.7728988917147257     
   5.4680178324112862        2.1396325616129954        5.4440768839784415     
  -4.3401966298766537      -0.76812693254996645        3.1960318768072451     
  -5.5047144625579587E-002  0.20390797610428943        1.4096109686707095     
  -2.2615692377681733       -1.6250417363411334       -3.1929254119766473     
  0.32731825109307860        2.5966352028604684       -8.2064379729270893     
 -0.71326441292137988       0.14294974152151824       -2.9046903212304378     
  -3.6030793258086580       -2.4249632961881158       -5.7067195740101111     
  -2.6927430899420939       -6.8255472906476378       -4.9910822569093725     
  -3.0310688817597389        1.1997631642969009       -3.8169079229679750     
  -5.6545225807690018        1.0666807096583937       -1.6378228651523684E-002
   1.9920224977159033        2.5336935069459954        6.0094947278347579     
  -7.8771162411232698        5.2228929931387906        5.3057404940922490     
   4.5270100034510437      -0.25022132693638016       -4.1716254587143231     
   7.1258820636877100        2.9940686345278613       -4.1017107975750555     
   11.127368620999908        10.849215524572591        4.0844837332553325     
   2.3741650746027601       0.22436645836541935       -2.3391252938853415     
 -0.81073837271243243       -1.3603367141449341       0.78996450226513459     
  -1.7128518701528002      -0.64316355102845901       -9.9363632912472681     
   3.6289356491929996       -10.193600798042414        1.1941968388692104     
  -3.6412112096040099        1.5521067386105365        3.5189837170653413     
   6.3981929527874186        5.6836585493627085        16.517495009921930     
   9.3933130933562659        10.219773855846753       -1.9761314084304307     
   5.1176502361351002        10.652661182697639        6.9756522222890585     
  -2.5363078191348154       -2.7093269508589199        9.7874397131934963     
   4.0959954813754056        5.8235305353660465        2.6829691414980479     
   1.3167796721340803        4.2276726337915518        3.0574471853511969     
   4.6713799178870383        11.017450674329991        3.7204709592331278     
   9.5676102728764576        6.7182447111200769       -4.8247809963747974     
  -7.9177651026256832        5.5942878432397078        2.0200637405980677     
  -1.9119655025167352        3.0811363058319206       -1.4185492864025340     
  -10.107906993821413        3.7447402350760393        10.490212535238824     
  -8.3015400151269247       -5.0671768745360461      -0.80704038639492637     
   9.3108196672932504       -6.3110224340589154       -10.578549850002242     
 -0.91958503716258977       -5.3435598045717070        7.9759870376067434     
   9.8069756171671063       -5.7831492616437146       -10.323505104464637     
 -0.54538275662284930       -3.8520150954638908        5.8728326926856624     
  -8.6713915511703554       0.40077954241693231        5.2721613737728985     
   4.6852012086865811        2.9637458722053296        3.6407962874917739     
  -11.231085064092978       -4.5496783026892631       -11.464525841712371     
  -12.923031032675267        3.0601854418518393       -2.5695685497931144     
   5.2979807387532079       -3.9281776367463821        9.0633928266190580     
   4.6297259466276865E-002 -0.58798559670744777       -4.9824420334645110     
   5.7005721568332897       -14.180576231558121        1.5836297039930272     
  -4.6308721056970050       -5.7997185322590168        7.9038660825704836     
   3.6775712799851199      -0.52030835135291842        2.0385675866304616     
   7.9816980367359740       0.56170619702783753        3.0670729253013733     
   5.7556233081771175       -5.9171658500783311       -8.3843159697911851     
  0.56126910970041211      -0.12515015882023647       -10.331657490465695     
   2.0513456154044962        7.6273195305053019       -1.6141757493071167     
   8.7800576083716120        3.7781022075517008        8.2439584033805744     
   13.425876417420385        4.5420359962368533       0.62653303023372642     
   4.9526790833209153       -9.9961953855081891       -2.4420196580718256     
  -3.0221237576331692       -6.2312577238514901       -4.9107677962002301     
   7.4347041779779124       -1.0294463891205308       -1.2474319963588176     
  -8.0884218392442602       -4.5448389039007973       -3.5655531326469783     
  -4.5323998200013351        16.283507729550756        1.7974287418646950     
   2.0021332056895185        11.396624449691902       -7.4166221640227299     
  -1.8102100343676237        2.7127251386096716        8.4734163471941617     
   1.3263463015341537       -10.530367668333913       -4.1567881153009969     
  0.11970262802406911        5.1604831564799261      -0.54187643560965548     
  -7.0424135314917562       -4.7618948213282444       -1.9317610963500567     
   6.3155006345287878        2.6341859188272871E-003  0.95207172472623813     
 -0.11862582678580998       -4.0900283404733822        8.6609057406734387     
  -4.2770156808982867       -1.2411194071602965        6.7298495119575570     
  -12.397692126943543        2.2250566458583108       -1.8056092326695177     
 -0.11249169568992912       0.90246067136020758        4.4170290476723348     
  -4.4411012748033256       -2.5271151651070247      -0.29202088366945389     
  -4.7413498094126707        9.6720516232054639        16.664337465142225     
  -6.0819642302919554       -2.9917103315739522       -12.550197138352662     
  -4.1388353570110601        7.5780055921105811        8.9827340143846683     
   3.6399015266279471        8.1727962382886066       0.69085274914530226     
  -8.4097050840715823        5.2444643535256654        8.8369626857016002     
   7.6208536187416120        1.5975265093019499        7.3621186709871891     
 -0.38534366959813876        1.6988187679126221        2.2892277898118309     
  0.18528956897167409        15.653300229822120        9.6153160759047243     
  -9.1091472445178656        5.1015263291166431       0.63648339267602305     
  -2.5355210194308593      -0.69036608702752889       0.38772328703682990     
  -3.2282890415191683        5.9133642018525965        5.3635182399337076     
  -13.566303735105171       -1.9796571858555856        3.0249700901576619     
  -9.8446528865474416       -1.6316453391230645        12.847467849937084     
  -4.0998959947914386        7.5477945890909330       -6.3716324173313232     
  -9.8939101977547796       -10.369512363317250        8.7623293034373404     
  -3.4138990110868734       -4.8874055690109115       -2.6186246643584350     
  -7.2248555283819913        2.3730777659866198       -8.3909502101388700     
   1.3058447387054137       -4.7700989851042239       -3.2973277490212327     
   4.1828429599822661        5.0174353486756393       -12.260261610821352     
  -10.246889944522144        4.3942543938743945        11.116874552137199     
 -0.99778205143324294        7.4928620433247177        3.7227429172926638     
   8.1808909003559442        9.2293352910157065        2.2840082956006253     
   3.3663581895616463        5.5093972339873769        4.4887452425804319     
  0.22885479567105238        1.6504512704217724        8.2937951668303569     
   7.6751533236386420        2.6941674240877185        6.5116370292151142     
   2.1603620766548715        1.6834200560497674       -5.2587745636583012     
  -4.8525281142837855       -9.7458667116001791        1.1573685169332668     
  -2.8854073119535801        1.5564660339996943       -8.1296053047454748     
   10.928424752558707       -1.7579877316259382        9.4264858889640877     
   8.3479399524880744        6.8605702530966637       -6.1962878980930700     
   7.6087053096536650       -2.9233140569113565        11.063894717039124     
  -1.8701476017275849       0.65418598588351251        2.6644710425644811     
  -9.0874333797495250       -7.9130832619425826       0.82214864790844344     
  -5.2061843258547684        2.5380527200619944        8.8031809776492711     
   14.678040213990487        2.5811347325496379       -4.0968919110561188     
   21.314897252600588       -6.8433830260956894        8.9602663022223830     
  0.34799011564538718       -4.4354693579784064       -5.0130625593458218     
  -3.6320864475487076        1.1950776597192945        4.5001761312941646E-002
   11.186922325217713       -5.6663786958422913       -5.4031903344277437     
  -6.2080080177211840       -11.458032378741800        11.031384579149996     
  -6.2741561007645954       -10.520803437857394       -9.9476485215695973     
   7.6623489533639466       -5.1222771792123849        2.8891942086753306     
  -3.8560720847863772      -0.93462924675348724       -17.449016947520796     
  -5.7309255288258347       -1.6466617076439403        2.3677942368860569     
  0.18211510899564748       -7.8121459604892758       -6.9036809068498997     
  -6.5755627403316348        5.9191158338237813        16.090492453140222     
   2.3213667272769860       -9.2407574861771451       -12.141173406287811     
 -0.86358560403583184        7.6858361756579736        4.3584059588958128     
  -7.6402613294454458        3.0751325598219732       -1.7519114795005117     
   4.1393334601832210       -2.5322485603426785       -1.0602427974427668     
  -1.8614133259427355       -4.5753492303259948       -13.935366940393010     
  -6.0427112216666732       -9.1019740955385391        2.5556554675620213     
  -6.0239695507722280       -2.2953760512087777       -3.7838957038761349     
 -0.85537741034201209        2.5980131549397503       -1.2800786749909010     
  0.88962426112296811        4.0625799904189490        2.0487487646548401     
  -3.0865005366487548        2.2205258225855533      -0.47488858799903694     
  -2.5541180222521649       -7.3846952385528208       0.91307708659057607     
  -9.1613662573312702       -2.4153845307915649       -2.5433483395618377     
   3.8260246878449746       0.24320891614262258        7.0621556742685572     
   9.8605866630843870       -9.9023445380675135        2.6401387888977368     
   2.4829977682409941       0.92604543497619540        7.3634808192008085     
 -0.31378431081367708        1.4361423821769268       -2.7872899553287800     
   2.5641857542984123       -4.5128525198111067        10.480291757440680     
   3.4644844206799772        7.4159320493513770        8.7699165367941134     
  -9.0265549995606467       -9.7305897560976256        3.1301696280630464     
   9.2035568698700931       -6.4849877566494332       0.80417319520905184     
  -7.0899442491130840       -3.1916378941617203       -3.4208141189488459     
  -9.7927524579113001       -4.0541414416087225       -1.7386864901211601     
  -12.693805838677076        2.9239262183413688       -1.5522528080483007     
   1.5572193346419834        1.1155545788306522       -9.8991759382507389     
   3.3170623241388797       -5.5505643417989772        15.207447198008115     
   8.9161490988771579       -3.9624004271946780       -15.495862490017760     
  -2.5652361081760979       -12.578211783194611       -2.2748993984139254     
   9.6900671221562735       -8.2971714521037399       -3.4538777631901789     
   3.5008301425785109       -8.6414488242795642        12.737371676764511     
   13.044388649093085       -3.3151395055169126       -1.4471026239636817     
  -6.5020475241082885       -4.3742530138462437       -9.0990884270711518     
   2.3333214447080493       -6.6783874510716918        2.1952981264152882     
  -10.213589797414933       -1.8890980147136762       -2.2514146841268845     
  0.93744098036127788        8.7964249762761213        6.1257310633654445     
   9.9149989567540118       -2.6343671561819222        5.8192243748184920     
   1.5442020432918815       -4.8816162236154010        6.2353465277076099     
   13.438529496200999       -5.5866268024731838        2.8584420416300471     
   11.219200871360394      -0.42865444981119416       -4.6751391395124822     
  -3.2232002537145399        3.9365504477407665E-002  -4.7874550761732815     
  -11.067162855231533       -3.0740975915425248       -2.2270925571609479     
   7.0728726218470346      -0.50456519086199159        1.0914652236220446     
  -2.0325745032556877        8.7547889325170232        1.2578026383392245     
   2.4024691862091180E-002  -11.166749992793132        5.2692604416127704     
   10.409513807643025        5.1205513187275971       0.14029767311996585     
   10.239699374916258      -0.46480654950724887       -4.0357868495506768     
  -5.9143182761403494        2.4545340988054898        6.0917016895667127     
  -4.9974373193718229      -0.55061194897279564        11.663548100577017     
  -2.1919047337874265        6.9177252175611477       -4.7047670825862449     
  -12.460115482912405       -5.2045280318097724        7.4498920915463778     
  0.85414841220713522       -2.7338450853210383        2.6865803785197975     
   1.2522375536706103       -4.7491829974369999       -4.0094467034643930     
  -6.2950241660118894E-002  -5.8399673505308654        2.4054839974823361     
 -0.12725201390602298        1.0908817688597345      -0.29792352024436902     
  -4.2770724796512072        5.4107817546703805      -0.84211430513016494     
  -8.5833948426666673       -2.0994558050166887       0.89784296023113885     
  -4.3862244891594369        8.0962168983555447      -0.19191240849715208     
  -1.1916324733023818       -7.9658680447056653       -5.2507649434519097     
   11.871998233411826        15.908644153764296        4.7449162009340302     
  -4.8371703989147550        1.9226043818401433      -0.75873042734989382     
 -0.88692366380100862        2.5967885783749631       -1.9675157694210215     
  -4.3488699068272521       0.87617589811494212        5.5004445094775338     
 -0.99000897116257314       -3.2674413961553190      -0.47374458168720562     
  -5.1686596553367812        2.3790381150707471        2.9149971331791815     
   5.8769737587740831        1.0931098101739587        7.8123555411386008     
   5.3658659775734190       -1.6823244683973784       -1.5782505474467887     
   6.8533348217998684       -5.0962527293089819       -5.2897111523997919     
  -3.5561521406877086       -5.2470967844456817      -0.31334500528465598     
   9.9823692156285535        8.1705857849851267        14.644172089394507     
  -2.8008229066531722       -2.1825203950182099       -9.5155433278751680     
   11.866902097025278       -5.7295871818310786        1.7186537919819393     
  -9.0671593979096734        10.400674732376720        1.1335478100295999     
