 excess energy/kTN=   1.9113522597040658E-046
 sigma(excess energy/kTN)=   1.8629557395821420E-046
    0.008682    0.000000
    0.026047    0.000000
    0.043412    0.000000
    0.060776    0.000000
    0.078141    0.000000
    0.095506    0.000000
    0.112870    0.000000
    0.130235    0.000000
    0.147600    0.000000
    0.164964    0.000000
    0.182329    0.000000
    0.199694    0.000000
    0.217058    0.000000
    0.234423    0.000000
    0.251788    0.000000
    0.269152    0.000000
    0.286517    0.000000
    0.303881    0.000000
    0.321246    0.000000
    0.338611    0.000000
    0.355975    0.000000
    0.373340    0.000000
    0.390705    0.000000
    0.408069    0.000000
    0.425434    0.000000
    0.442799    0.000000
    0.460163    0.000000
    0.477528    0.000000
    0.494893    0.000000
    0.512257    0.000000
    0.529622    0.000000
    0.546987    0.000000
    0.564351    0.000000
    0.581716    0.000000
    0.599081    0.000000
    0.616445    0.000000
    0.633810    0.000000
    0.651175    0.000000
    0.668539    0.000000
    0.685904    0.000000
    0.703269    0.000000
    0.720633    0.000000
    0.737998    0.000000
    0.755363    0.000000
    0.772727    0.000000
    0.790092    0.000000
    0.807457    0.000000
    0.824821    0.000000
    0.842186    0.000000
    0.859551    0.000000
    0.876915    0.000000
    0.894280    0.000000
    0.911644    0.000000
    0.929009    0.000000
    0.946374    0.000000
    0.963738    0.000000
    0.981103    0.000000
    0.998468    0.000000
    1.015832    0.000000
    1.033197    0.000000
    1.050562    0.000000
    1.067926    0.000000
    1.085291    0.000000
    1.102656    0.000000
    1.120020    0.000000
    1.137385    0.000000
    1.154750    0.000000
    1.172114    0.000000
    1.189479    0.000000
    1.206844    0.000000
    1.224208    0.000000
    1.241573    0.000000
    1.258938    0.000000
    1.276302    0.000000
    1.293667    0.000000
    1.311032    0.000000
    1.328396    0.000000
    1.345761    0.000000
    1.363126    0.000000
    1.380490    0.000000
    1.397855    0.000000
    1.415220    0.000000
    1.432584    0.000000
    1.449949    0.000000
    1.467314    0.009748
    1.484678    0.015868
    1.502043    0.040309
    1.519407    0.172725
    1.536772    0.414703
    1.554137    0.454726
    1.571501    0.626024
    1.588866    0.903382
    1.606231    1.334067
    1.623595    1.714373
    1.640960    2.127729
    1.658325    2.752432
    1.675689    3.355900
    1.693054    3.929277
    1.710419    3.797293
    1.727783    3.812742
    1.745148    3.555780
    1.762513    3.513084
    1.779877    3.047385
    1.797242    2.824183
    1.814607    2.356107
    1.831971    1.886426
    1.849336    1.642526
    1.866701    1.144337
    1.884065    0.821812
    1.901430    0.601767
    1.918795    0.412317
    1.936159    0.311647
    1.953524    0.131985
    1.970889    0.108058
    1.988253    0.026545
    2.005618    0.015652
    2.022983    0.000000
    2.040347    0.000000
    2.057712    0.000000
    2.075076    0.000000
    2.092441    0.000000
    2.109806    0.000000
    2.127170    0.003092
    2.144535    0.003042
    2.161900    0.007484
    2.179264    0.022095
    2.196629    0.057993
    2.213994    0.078494
    2.231358    0.134884
    2.248723    0.254551
    2.266088    0.341939
    2.283452    0.533983
    2.300817    0.820646
    2.318182    1.240585
    2.335546    1.663380
    2.352911    2.023060
    2.370276    2.379531
    2.387640    2.926705
    2.405005    3.119233
    2.422370    3.376299
    2.439734    3.740934
    2.457099    3.845833
    2.474464    3.786333
    2.491828    3.665019
    2.509193    3.270021
    2.526558    2.586319
    2.543922    2.053877
    2.561287    1.733934
    2.578652    1.308770
    2.596016    0.917626
    2.613381    0.695493
    2.630746    0.469017
    2.648110    0.308258
    2.665475    0.171328
    2.682839    0.100110
    2.700204    0.052771
    2.717569    0.044521
    2.734933    0.039281
    2.752298    0.048022
    2.769663    0.036478
    2.787027    0.061243
    2.804392    0.130758
    2.821757    0.196806
    2.839121    0.262100
    2.856486    0.375525
    2.873851    0.553112
    2.891215    0.708844
    2.908580    0.915407
    2.925945    1.130104
    2.943309    1.298502
    2.960674    1.447720
    2.978039    1.572870
    2.995403    1.693471
    3.012768    1.625450
    3.030133    1.676208
    3.047497    1.648121
    3.064862    1.345751
    3.082227    1.181146
    3.099591    0.961883
    3.116956    0.712857
    3.134321    0.624513
    3.151685    0.435242
    3.169050    0.247982
    3.186415    0.135045
    3.203779    0.104278
    3.221144    0.049893
    3.238509    0.050693
    3.255873    0.060053
    3.273238    0.112306
    3.290602    0.146657
    3.307967    0.191151
    3.325332    0.271404
    3.342696    0.296765
    3.360061    0.420730
    3.377426    0.557469
    3.394790    0.689574
    3.412155    0.732444
    3.429520    0.844598
    3.446884    0.923254
    3.464249    0.859809
    3.481614    0.844329
    3.498978    0.933108
    3.516343    0.895626
    3.533708    0.764155
    3.551072    0.618563
    3.568437    0.507077
    3.585802    0.372689
    3.603166    0.286124
    3.620531    0.255101
    3.637896    0.234699
    3.655260    0.212578
    3.672625    0.250508
    3.689990    0.330875
    3.707354    0.438231
    3.724719    0.622742
    3.742084    0.887247
    3.759448    1.220600
    3.776813    1.510526
    3.794178    1.906389
    3.811542    2.229021
    3.828907    2.526171
    3.846271    2.850032
    3.863636    2.904608
    3.881001    2.954380
    3.898365    2.949294
    3.915730    2.753925
    3.933095    2.508973
    3.950459    2.198283
    3.967824    1.851600
    3.985189    1.524517
    4.002553    1.179448
    4.019918    0.920792
    4.037283    0.741641
    4.054647    0.646368
    4.072012    0.632007
    4.089377    0.654679
    4.106741    0.750365
    4.124106    0.923390
    4.141471    1.125715
    4.158835    1.361442
    4.176200    1.699913
    4.193565    2.065363
    4.210929    2.328870
    4.228294    2.460036
    4.245659    2.535814
    4.263023    2.547148
    4.280388    2.378758
    4.297753    2.263373
    4.315117    1.968677
    4.332482    1.661479
    4.349847    1.328058
    4.367211    1.049759
    4.384576    0.760172
    4.401941    0.560675
    4.419305    0.385419
    4.436670    0.250555
    4.454034    0.152337
    4.471399    0.117916
    4.488764    0.064926
    4.506128    0.035486
    4.523493    0.018120
    4.540858    0.012214
    4.558222    0.007071
    4.575587    0.001671
    4.592952    0.002321
    4.610316    0.003291
    4.627681    0.002287
    4.645046    0.002918
    4.662410    0.015125
    4.679775    0.033540
    4.697140    0.041854
    4.714504    0.071132
    4.731869    0.130599
    4.749234    0.173688
    4.766598    0.262948
    4.783963    0.360385
    4.801328    0.461567
    4.818692    0.576047
    4.836057    0.693061
    4.853422    0.774533
    4.870786    0.800866
    4.888151    0.853449
    4.905516    0.898583
    4.922880    0.936131
    4.940245    0.860196
    4.957610    0.825718
    4.974974    0.796221
    4.992339    0.730344
    5.009703    0.662851
    5.027068    0.675997
    5.044433    0.700492
    5.061797    0.805454
    5.079162    0.895951
    5.096527    1.011053
    5.113891    1.229167
    5.131256    1.450953
    5.148621    1.674737
    5.165985    1.902301
    5.183350    2.043461
    5.200715    2.093723
    5.218079    2.038703
    5.235444    1.910096
    5.252809    1.895460
    5.270173    1.754283
    5.287538    1.569127
    5.304903    1.348321
    5.322267    1.114552
    5.339632    1.026100
    5.356997    0.932188
    5.374361    1.017726
    5.391726    1.056903
    5.409091    1.092449
    5.426455    1.209243
    5.443820    1.376225
    5.461185    1.475854
    5.478549    1.523384
    5.495914    1.509372
    5.513279    1.477094
    5.530643    1.410200
    5.548008    1.219110
    5.565373    1.172215
    5.582737    1.078518
    5.600102    0.958522
    5.617466    0.880999
    5.634831    0.883950
    5.652196    0.943124
    5.669560    1.071637
    5.686925    1.169147
    5.704290    1.227398
    5.721654    1.336848
    5.739019    1.348948
    5.756384    1.396769
    5.773748    1.362987
    5.791113    1.284947
    5.808478    1.202215
    5.825842    1.031403
    5.843207    0.878784
    5.860572    0.747302
    5.877936    0.660484
    5.895301    0.592590
    5.912666    0.527481
    5.930030    0.509079
    5.947395    0.469719
    5.964760    0.446736
    5.982124    0.413650
    5.999489    0.410870
    6.016854    0.434396
    6.034218    0.461871
    6.051583    0.503733
