    0.010939    0.000000
    0.032817    0.000000
    0.054695    0.000000
    0.076573    0.000000
    0.098451    0.000000
    0.120330    0.000000
    0.142208    0.000000
    0.164086    0.000000
    0.185964    0.000000
    0.207842    0.000000
    0.229720    0.000000
    0.251598    0.000000
    0.273476    0.000000
    0.295354    0.000000
    0.317232    0.000000
    0.339111    0.000000
    0.360989    0.000000
    0.382867    0.000000
    0.404745    0.000000
    0.426623    0.000000
    0.448501    0.000000
    0.470379    0.000000
    0.492257    0.000000
    0.514135    0.000000
    0.536013    0.000000
    0.557891    0.000000
    0.579770    0.000000
    0.601648    0.000000
    0.623526    0.000000
    0.645404    0.000000
    0.667282    0.000000
    0.689160    0.000000
    0.711038    0.000000
    0.732916    0.000000
    0.754794    0.000000
    0.776672    0.000000
    0.798551    0.000000
    0.820429    0.000000
    0.842307    0.000000
    0.864185    0.000000
    0.886063    0.000000
    0.907941    0.000000
    0.929819    0.000000
    0.951697    0.000000
    0.973575    0.000000
    0.995453    1.633608
    1.017332    5.504754
    1.039210    5.487770
    1.061088    5.480710
    1.082966    5.474843
    1.104844    2.203070
    1.126722    0.965570
    1.148600    0.966905
    1.170478    0.963642
    1.192356    0.963443
    1.214234    0.962033
    1.236112    0.962622
    1.257991    0.962777
    1.279869    0.962414
    1.301747    0.962267
    1.323625    0.962255
    1.345503    0.961428
    1.367381    0.961356
    1.389259    0.964325
    1.411137    0.966114
    1.433015    0.964726
    1.454893    0.968425
    1.476772    0.969646
    1.498650    0.970777
    1.520528    0.970716
    1.542406    0.974783
    1.564284    0.974225
    1.586162    0.976765
    1.608040    0.980783
    1.629918    0.982609
    1.651796    0.984499
    1.673674    0.989117
    1.695553    0.993029
    1.717431    0.995234
    1.739309    0.998488
    1.761187    1.003781
    1.783065    1.007665
    1.804943    1.011480
    1.826821    1.016634
    1.848699    1.019475
    1.870577    1.022887
    1.892455    1.026015
    1.914333    1.029471
    1.936212    1.036193
    1.958090    1.039305
    1.979968    1.045799
    2.001846    1.049382
    2.023724    1.052987
    2.045602    1.050649
    2.067480    1.045000
    2.089358    1.035696
    2.111236    1.022719
    2.133114    1.011389
    2.154993    1.001789
    2.176871    0.998432
    2.198749    0.995664
    2.220627    0.996232
    2.242505    0.996351
    2.264383    0.995548
    2.286261    0.996494
    2.308139    0.995741
    2.330017    0.996264
    2.351895    0.996792
    2.373774    0.996455
    2.395652    0.997238
    2.417530    0.997064
    2.439408    0.997136
    2.461286    0.997485
    2.483164    0.996495
    2.505042    0.996778
    2.526920    0.997625
    2.548798    0.998396
    2.570676    0.997759
    2.592554    0.997938
    2.614433    0.997899
    2.636311    0.998718
    2.658189    0.999634
    2.680067    0.999157
    2.701945    0.998835
    2.723823    0.997914
    2.745701    0.998988
    2.767579    0.999902
    2.789457    0.998601
    2.811335    0.998874
    2.833214    0.997768
    2.855092    0.998363
    2.876970    0.998745
    2.898848    0.998939
    2.920726    0.998840
    2.942604    0.999870
    2.964482    0.998493
    2.986360    0.998192
    3.008238    0.998971
    3.030116    0.997980
    3.051995    0.997999
    3.073873    0.997743
    3.095751    0.998000
    3.117629    0.996626
    3.139507    0.996757
    3.161385    0.997260
    3.183263    0.996511
    3.205141    0.995203
    3.227019    0.996742
    3.248897    0.996810
    3.270775    0.997164
    3.292654    0.996723
    3.314532    0.996469
    3.336410    0.996936
    3.358288    0.996341
    3.380166    0.996475
    3.402044    0.996611
    3.423922    0.995957
    3.445800    0.996654
    3.467678    0.996077
    3.489556    0.996064
    3.511435    0.996712
    3.533313    0.997071
    3.555191    0.996545
    3.577069    0.997270
    3.598947    0.996112
    3.620825    0.995961
    3.642703    0.996935
    3.664581    0.996276
    3.686459    0.996783
    3.708337    0.996849
    3.730216    0.997088
    3.752094    0.997119
    3.773972    0.996128
    3.795850    0.997605
    3.817728    0.997449
    3.839606    0.996554
    3.861484    0.996838
    3.883362    0.996735
    3.905240    0.996482
    3.927118    0.997125
    3.948996    0.996595
    3.970875    0.997064
    3.992753    0.996175
    4.014631    0.996886
    4.036509    0.996611
    4.058387    0.997076
    4.080265    0.996268
    4.102143    0.996435
    4.124021    0.996750
    4.145899    0.996920
    4.167777    0.996070
    4.189656    0.996635
    4.211534    0.996840
    4.233412    0.996662
    4.255290    0.996222
    4.277168    0.995886
    4.299046    0.996734
    4.320924    0.997187
    4.342802    0.996282
    4.364680    0.995796
    4.386558    0.995885
    4.408437    0.996166
    4.430315    0.995948
    4.452193    0.996377
    4.474071    0.996504
    4.495949    0.995975
    4.517827    0.996190
    4.539705    0.996108
    4.561583    0.996198
    4.583461    0.996421
    4.605339    0.996073
    4.627217    0.996413
    4.649096    0.996143
    4.670974    0.996032
    4.692852    0.996155
    4.714730    0.995563
    4.736608    0.995838
    4.758486    0.996049
    4.780364    0.996308
    4.802242    0.996193
    4.824120    0.995915
    4.845998    0.996566
    4.867877    0.995853
    4.889755    0.995853
    4.911633    0.996519
    4.933511    0.996367
    4.955389    0.996171
    4.977267    0.996063
    4.999145    0.995729
    5.021023    0.995706
    5.042901    0.996544
    5.064779    0.996175
    5.086658    0.995988
    5.108536    0.996656
    5.130414    0.996281
    5.152292    0.995308
    5.174170    0.995953
    5.196048    0.995990
    5.217926    0.995746
    5.239804    0.995683
    5.261682    0.996318
    5.283560    0.996078
    5.305438    0.995550
    5.327317    0.996074
    5.349195    0.995937
    5.371073    0.996117
    5.392951    0.996330
    5.414829    0.995830
    5.436707    0.995792
    5.458585    0.995759
    5.480463    0.995859
    5.502341    0.995844
    5.524219    0.996075
    5.546098    0.996211
    5.567976    0.995278
    5.589854    0.995936
    5.611732    0.995954
    5.633610    0.995964
    5.655488    0.995673
    5.677366    0.995723
    5.699244    0.996342
    5.721122    0.996121
    5.743000    0.995822
    5.764879    0.995748
    5.786757    0.995679
    5.808635    0.995972
    5.830513    0.995991
    5.852391    0.995466
    5.874269    0.995755
    5.896147    0.996353
    5.918025    0.995722
    5.939903    0.995474
    5.961781    0.995319
    5.983659    0.996132
    6.005538    0.995247
    6.027416    0.995787
    6.049294    0.996079
    6.071172    0.995649
    6.093050    0.995466
    6.114928    0.995694
    6.136806    0.995648
    6.158684    0.995731
    6.180562    0.995481
    6.202440    0.995442
    6.224319    0.995336
    6.246197    0.995184
    6.268075    0.995318
    6.289953    0.995740
    6.311831    0.995531
    6.333709    0.995991
    6.355587    0.995938
    6.377465    0.995898
    6.399343    0.995916
    6.421221    0.996184
    6.443100    0.995848
    6.464978    0.995482
    6.486856    0.995645
    6.508734    0.995457
    6.530612    0.995781
    6.552490    0.995121
    6.574368    0.995592
    6.596246    0.995427
    6.618124    0.995718
    6.640002    0.995837
    6.661880    0.995777
    6.683759    0.996017
    6.705637    0.995485
    6.727515    0.996045
    6.749393    0.995992
    6.771271    0.995943
    6.793149    0.996089
    6.815027    0.995827
    6.836905    0.995771
    6.858783    0.995463
    6.880661    0.996032
    6.902540    0.995931
    6.924418    0.995999
    6.946296    0.996361
    6.968174    0.996339
    6.990052    0.996315
    7.011930    0.996065
    7.033808    0.995794
    7.055686    0.995706
    7.077564    0.996046
    7.099442    0.996010
    7.121321    0.995994
    7.143199    0.996191
    7.165077    0.995850
    7.186955    0.996175
    7.208833    0.996172
    7.230711    0.995991
    7.252589    0.996211
    7.274467    0.995974
    7.296345    0.996012
    7.318223    0.996131
    7.340101    0.996332
    7.361980    0.996569
    7.383858    0.996238
    7.405736    0.996116
    7.427614    0.996414
    7.449492    0.996514
    7.471370    0.996237
    7.493248    0.996657
    7.515126    0.996147
    7.537004    0.995977
    7.558882    0.996767
    7.580761    0.996861
    7.602639    0.996436
    7.624517    0.996312
    7.646395    0.996631
