   7.2019541468975872        1.7867195299891996        5.1775535345294950     
   4.3448204731855000       -9.8103361156049029       -7.8126149532841511     
   10.746731116016642       -3.7747085998048688        5.0349879528161470     
   8.9893278233193357        1.3097083685071655        5.1340870172504278     
  -12.582015539975453        1.0744496839384081       -2.6696189911847332     
  -2.2488486882525751        12.811682686139520        10.529981391526231     
  -7.4986145188527384        12.914497593683873       -7.2826257700178845     
  -2.4853716786493445        2.2680840438018204        1.5298102201530819     
   5.6547634507999973       -7.0163255238179261        1.0728563830572062     
   6.0648770925726778E-002   7.2355111899611826        1.2262856582594361     
   4.5304066087132160      -0.39595288490801395       -1.9105249252812311     
   1.2578937547933058        8.7426714354183197        7.5403156554110629     
  -14.120714823316616        2.4574990056766981        1.2631008133743602     
   4.3688441109964584       -7.0639862966491540       -4.6373346052779940     
  -13.508977295624716        8.1130392144409011        7.0969634503935870     
  -9.0289181092985480       -4.8826718370152982       -1.5195107208913927     
   1.4346741809184289        4.4439198054740849        1.7466957240593386     
  0.94238466422090683       -6.1169338462886484       -1.2692144546732185     
  -15.499794797906462        11.900175672118987       0.18206523707908262     
 -0.42278322764927556        15.395999552225192      -0.72624407356555354     
  -3.2201206871641443       -1.8955079022554284        6.5188832143369453     
   6.9954792637249907       -7.5021783070715893       0.60244281173948788     
  -1.0458365102191920       -7.0653003888488044        2.4091172950714856     
   14.857134397433530       -7.3783633040430638       -2.6632888693974102     
   3.9008034251930988        8.7431294635106109        12.369422626665393     
  -2.8277795136019113       -6.4121343109079527        2.4306544181411054     
  -3.9855117041089509        8.0238481910725206       -8.3909050783447299     
   3.1274191083886058       0.89585991483643024        4.9117114179963606     
  -20.594811190397991      -0.22727742998718597       -10.524376592127323     
  -3.8071806208110082        3.1461526001651086        7.3263604151640109     
  -3.6038758530906043       -1.4622812293957310       -14.801743380020984     
   9.4177275378737519       0.59568704626977753        12.811496886212758     
   3.9942370795655733        4.3849460921843217        10.801664312893944     
   7.6281798525829743       0.14854351805120816        3.9729943886060868     
   5.1689232492735853       -13.857192673655128       -8.7228578370527838     
   1.1901280996306010        4.7892104675631604        9.4966786623425179     
 -0.63229739181972267       -7.6141520563907115       -3.5085434780531517     
   4.5335120852959951       -1.6566835387135046        5.3184627820419204     
   12.398765515204056       -8.5898380130888157        1.4675009910679049     
  -7.1687607263663393        2.4101520288601455       -1.0794578909342676     
  -8.8894403833471642       -2.5470589883563521       0.97611234538671809     
   7.9331806009026691       -1.9076521890457956        8.4357018055845909     
   3.1086859172711030        7.2270128735993104        9.3041593298191057     
  0.53876597494745249        3.4223790015954032        2.0150736357019894     
 -0.63969805160738435       -4.3063272343675676       -9.5408179355294909     
   2.7761537576447921       -10.538349114026127      -0.94327008532331702     
 -0.64686010252624804       -4.0861052234969817       -1.6129172351269976     
  -14.119246195302761      -0.29633733330315060        3.2349780813873119     
  -3.5354416327579723       -12.745071902354265        5.9535464273051062     
  -3.1574420015824680       -3.0534505316140961        9.1701401869076697     
  0.82838601816494850        1.1870786008036827       -2.4894450301700570     
  -5.5178006386587386        4.7098730658617765        5.3631941772518470     
  -4.3408007051407065       -6.8379924703875465        2.9396046421559134     
  -24.627848490066619        3.2408649627992530        6.6422678084473228     
  -5.9755333582427559       -5.7798277221222918       -6.2948315370157424     
   10.024837135392936       -2.9189026092202441       -13.332161803370543     
  0.65527462757509891       -11.699505413527010        4.9421848618367532     
  -6.8545914164843742        8.2122585750009414        1.5978554213126586     
  -3.1108555108171378       0.92472262155332474      -0.66025511016907512     
   6.9821398854488921       -7.6492420494705469       -3.3079492785417215     
   3.8684773161439034       -4.9275388804050779       -4.0556241906918160     
  -2.4969287650454093        5.6013068856786266       -4.1717262381615425     
   6.2530650281789812        3.2618241483088450       -12.172881804670373     
  -4.2374997949636306        3.5476621372939641        14.972385466108001     
  -5.1261722702193406        5.0539216728186007       0.18136157165998212     
   3.3962478773627462       -3.3118179446903020       -7.7771731114662224     
   2.4434215672967965        5.4659793737513995        2.2050375152754249     
  -7.7958064192525818       -4.9650968832528379        3.4646805238099896     
   7.4344038257386886       -7.7748244182799171       -5.9478774803728784     
   5.9639252762704604        7.0437715827983274       -12.190891744967111     
  -5.8709622161066246       -8.8045891885191718       -9.0026779018638745     
  -2.4010045217665859       -13.436112957051863       -9.5156865886026267     
   3.3067700016013126       -1.8251304367789707        9.0279278940324978     
   1.9019955914050284       -7.2997906458439221        7.4124983970387381     
   10.180772036497055        5.4769643599923805        10.191257656050915     
  -14.719564315725595       -2.8816879643081244        3.0355831548285717     
   3.2542655250117400       -2.0361003653949838       -7.1674794586825152     
   3.0676386695105711        3.8154778424344973        3.6984210655166678     
  -5.6491511209571312      -0.81359851147538775       -6.6455408255121622     
  -1.8428373607073838       -3.5549100082751268       -6.8686023854765681     
   6.7309344090488965        9.0637351456431858        2.3115034947632704     
   14.444428359127427       -4.9155497357608491        4.3171816013269435     
   11.865283129421131        4.4070225880232305      -0.24150377686419686     
  -3.1530021716722567        3.3420084013743048       -8.3250829958662802     
  -1.9127343923281632        4.5164228479560071       -6.6627372340771851     
   6.6454363773711753        1.8892383909486130       -1.5687948255751596     
   3.1756521114532408        5.2121250957058152        5.3478918984783270     
   7.9634807147775488        4.5743807174647912       0.34216366746292459     
   1.8348927804764177        3.6007999958756627        6.0227847307181994     
  -2.0921904794579320        8.9402735003445049        3.0670586946527632     
   1.4062403443657649       -7.4518305179282613       -8.5727322267659289     
  -1.1789360370381190       -1.2193232038370545       0.75249444506038443     
   15.017837052607188       -13.273175190553509        7.2297468791819473     
  -5.8036800564923983        7.0179276629773879        3.8638247370264782     
  -18.750159223514391       -10.401590033698710        6.4214015052248996     
  -4.2399854455987240       -4.5817073851549459        3.5248606250884249     
   10.829803070936618       -5.5822066263015655        2.9327805375021230     
   6.0274322389521968        2.4891278420835472       -9.0851624912471618E-003
  -6.7890168891642277        13.526344444513549        11.204800426490630     
   8.7984629517142494        6.4709965724277136        6.0611111735265171     
  -4.8843750484703374        13.227052086463623        12.243072950289191     
   4.3910323711068884        2.3680929166937821        7.7886889295825705     
  -1.3437360756130825      -0.52014462531526151        1.9846212765286062     
   1.9923491461413179       0.64045434688307468        2.2982353206551100     
   3.7354704662858214        1.0241870599747611       -10.645136089864017     
   18.057308608261419       -9.8333129063581293       -3.8255323376666643     
   12.087796227608917        6.8739618445858994        6.9199750186827753     
  0.34868260170043924       -12.464051425761957      -0.76007060020583028     
  -5.3895930551309865        15.385704607981875       0.86004554456789661     
   15.544631719171576       -15.010617846772289        5.0673443816260830     
  0.94034421166374327        1.7526692462363993        3.4489914973719928     
  -3.8605297654822319        10.187802555717800       -3.9485752637853309     
   1.3245682813725943        9.7199668505618160       -6.9615526089916751     
   4.4005161525863379       -9.6139943108435038        15.929537445611553     
  -17.934907994822236       -12.001942591600386      -0.28891994229026741     
  -5.2657002761799330       -11.232726307943969        3.3994301292832834     
   3.5465835350870449        5.3860695784706829       -3.2214247106813376     
  -4.8955831129854595        1.4119328419675763       -3.9471086261242410     
  -13.585794507980806       -4.2108814137320936        1.8707883756268153     
  -12.499868428686050       -7.8799407201956768        4.3666850585430010     
   3.3683954218138892       0.35892899307534570        2.8438482305612882     
  -4.8011577322082069        1.9115706191445725       -2.1014901694873762     
   2.7653957335183894       -5.1908695233206013       -10.313799921169558     
   6.7948221869389256       -8.7473848624077739        8.0889020374323621     
   6.2320136133886752        9.6901826698273457        10.461015724873366     
   3.1353313504183684       -5.6751927146739254        9.9115413096708096     
   5.9385998604150112        1.3055312601648474       -6.6155101786359838     
   2.8219392741323799       -1.1602376312095790       -8.1618837394539998     
  -3.8099608216695056       -10.952418083985096       -6.0149001884237467     
   1.2430163537230086      -0.83162687933207557       -7.8174182556843901     
   6.0154144122923441       -2.6452756455384314       -8.9402464955624126     
   2.3547140975718137        3.1049435214910019        7.9561801997790074     
  -1.4811548854337599        7.1540033622584431        4.1756418374945135     
   1.2745281427577730        7.0002402969276156       0.45487636650036650     
 -0.44995012516442484       -9.6611016875131526        4.4554975282270384     
  -7.5146309520309851        7.3546005535634267       -3.7136838034525002     
  -4.6016026772582617       0.32470884467712030       -5.3692700109929357     
  -6.1464732180907475      -0.17972912186994902        9.9366915804800566     
  0.90764969658889549        5.7787381743912887        5.2550251294982191     
  0.30697295598204344        6.2921735145753360E-002   2.8723036140326137     
   6.9791251447583393        2.4915120066079917       -2.3284994815338362     
  -4.5035458230986700        6.1378829292114512      -0.48636964162234064     
   1.3527050391153930        11.043576824523051       -3.8376460267102939     
  -2.3302461217663928        8.2168805534543665       -4.1678185908248953     
   4.0708718960824051       0.39734690313200438        6.1278396665243520     
  -12.657469106991256        3.4938852438492094        17.336933124785531     
  -2.2979074476991519       -4.6480659055002755        4.5807207947385082     
   1.6144372158602587        1.3024345541909088        7.1715656638557146     
  -3.5847649606297867      -0.96944903035017505        8.1804992414513329     
  -9.0295925446780885        12.119225012393239        4.8071082785669939     
  -7.9251006093035512       -7.8832636413923103        1.6628280440847569     
  -1.6035081146288379        8.9970356042700175       -6.1253330632838869     
  -2.2357690715480905        3.8754031182490998       -7.0707084623714582     
   1.3003319251314958        8.7410759697802067       -1.3273247375537334     
   5.6189633688154599        2.0181709219358015       -7.3489943665790083     
   7.4973222079874331      -0.84609164727017705        6.1842811927348587     
   12.856641396694894        3.2275929730614576        1.0198071747073969     
  -8.3487089105715064        1.3558656045135105        7.9248882926754769     
  -6.6072925560072200       -8.8736716523474632E-002  -2.2637953709432272     
   1.4437176073796061        1.6920409660030769        5.0647982853211522     
  -2.9520740949807367       0.16208626140584309       0.91268721393265861     
   2.0567267681886809        5.9681809865348709        4.6454864463434697     
  -5.6154082899939066       0.68765447649720113       -10.165248016708777     
  -2.0023939358447573        1.9219110876149048       -9.0904866681998673     
  -2.1728856431558330      -0.89752850591860323        2.0658992705523564     
  -1.8018470960004498      -0.96261806160370722       0.94232006588306261     
   1.2776101055604345       -9.6783839519320445        1.1658766856395912     
 -0.97735996123643942        4.7801885191166305       -2.7315831477682488     
  -5.2538984055841116        7.2603336241336933       0.72349603111202876     
  -2.6124104783639757       -2.5843996952743273        4.3737218599905274     
  -3.3283953245244513        9.0664435335419498        6.7079636698958103     
   9.7929501010656494       -3.0115162851725730      -0.69543471190913586     
   7.7512868286982402        15.675231040051290       -2.1174009410804175     
   12.288100074501548      -0.18993678782394366        6.3535453013087677     
 -0.58732708665265099        6.3921242091707287       0.80684226859275210     
   2.4529919827090607       -5.0987333991984212        5.5297841737997446     
  -2.9191773489355604       -1.5425176093800694       -7.8497724371396105     
  -3.4432641472416319       -16.208011608235999        5.5823238688111418     
  -5.0817068385313293       -4.8270536115748346        5.8441875052990993     
   6.6726775004761993       0.83947854905216590        15.845425557313431     
   6.8565745958976727        8.4840877062587818        2.0394955780750896     
   6.7512916388336572        3.0107470216256256        11.797474940795977     
  0.39744562129663408       -3.9745776950750327       0.71295258394675753     
  -1.1047519081340904        3.9111840953482706        8.4324845272724183     
   3.1335950433064408        1.2189697459920237        6.5568184028337395     
  -2.8003779665148665        7.3742717688286286       -5.1639489712428528     
   3.6149546062004361        8.2170335354634254       -1.6829793264415316     
  -6.0348247260294752        4.2881516817967080       -4.3214676359636943     
  -10.461069269730006       -1.7374974003667014        7.7798692785616046     
  -9.6756232330488174        1.3071840831014461        3.5928287637161809     
  -3.2330900116192232       -2.9939860153683338       -1.1537651501752324     
   7.0915957598534973       -10.449493133374586       -6.0327089529218565     
   2.8298760541276606        2.3243696804341463        4.5288572326156817     
   3.7120535515422377       -5.3818344374557130       -2.7579241680203661     
  0.90569647508820916       -4.1560364328837700       -4.6756232337272552     
  -4.0403127652691042       -4.4978810339250819        7.1581939013058529     
   3.4358554773629484       0.61050171657452612        6.1371975154751928     
  -7.7370609504772672       -4.9648567419869591       -8.0024178137613564     
  -13.254097206958221        1.8862575692068067       -1.5297602110150863     
  0.48094040757012785       -6.3820309693261477        11.598864347778511     
   1.0634445154007290       0.46955560655191925        4.2666492578804789     
   5.2545287942175367       -5.6134430472629528        2.9942675264965453     
   7.2434256891160649       -2.1419366455847517        4.7778767163738260     
   9.9373058522716331       -3.8310159842384883        2.3048914242004295     
   7.7500501704821936        1.8222792894143858        2.5733580677684178     
   4.9826501185539431       -3.0133215482855631       -13.439495043831709     
   8.3633026834055411        4.4141948651807468       -7.4331300181225934     
  -2.7907837147827474        5.4071684963599953        3.6730397647755111     
   12.452761491033842        3.9589299840767875        7.0878460358085329     
   8.4299498114847697        3.5847658084682577        9.7491810681980500     
   7.6881859856915504       -8.5147428810541346       0.93919628023308976     
  -8.9176821745743169      -0.39230484163015178        8.1250113127472154     
   11.234882680049674       -6.7550619166039141       -1.5356450159348922     
   2.1349897331165710       -3.0766248029870376       -8.4685149574091874     
 -0.52849678962639279        10.535294331106872        1.2327163550975182     
  -3.3138320286631830        10.714476846251200       -6.6208620562429275     
  -9.2321551183873414       0.44329394532076744        5.7316440371198043     
   1.8811571611047537       -9.4988322920877035       -7.8837396201694201     
  -3.5292176978157555        13.319790967810921       -3.9491340908332742     
  -13.879081425496640       -6.9957553906328940       -4.7839746345548804     
  0.75241156886273874        2.8895927597371220       -6.8739153769050025     
  0.76275466449986218       -6.9143670342508159        7.0641530009195037     
  -2.1898623021669446      -0.46072096102535703        4.2058817896286511     
  -8.5338764118728818        2.1460309774044499       -2.5772132545917996     
  -5.1135751578899358       -2.7320139002320527        13.917262103071176     
  -2.4416644312831868       -5.5440102197559131        4.8468959286486308     
   2.9011220139121798        12.682474827940515        9.6752005740615186     
  -8.5093450343606776      -0.81999269577245681       -12.537915550801520     
  -4.1804685196677376        5.5902365252697432        4.7726727479563369     
  -1.6961365437234828        2.4809776740944418      -0.64672220814557912     
  -7.4721895634983300        6.5290050535046520        9.4396213466009318     
   7.2101122259852479        1.4393126833991394        9.5094331995063399     
 -0.74393431251721975        5.7552043444453673        3.2986800015204789     
 -0.14080494283894640        10.964042829268740        7.6083576745349930     
  -10.946982668121841        8.4410068254301098       0.21464745302813942     
  0.69908825155402177       -4.3819164406302740      -0.97774249027979665     
  -5.7030665409362218        7.2775207540498537        2.6735527478879377     
  -13.480786480709373       -6.4160012262681496      -0.26972114679479886     
  -4.7141906650093102        3.1556610275653125        10.373059569247232     
  -3.9997723167930936        7.7688310245283025       -6.1972914092151417     
  -5.2889447970042074       -12.033723981067602        7.8419315262529921     
   2.8809677530289988      -0.64549287398120259       -10.242650494540323     
  -6.0211858417776423        5.9740325387638542       -2.4203340746196242     
   1.9668198912237198       -11.390451184575415      -0.70261875584726396     
   2.3191398314247564        3.0162176321663949       -11.861276233518849     
  -6.1180982713169314        8.6604665908955916        11.125857137445397     
   2.0823239760590777        6.2674672919519523        3.1342776164590043     
   9.1930688184410219        7.6565026917369696       -1.9946387083570751     
   5.5955732213113540        4.3131672447232514       0.58193671164403626     
  -7.0851615293682020       -3.8131198754638973        9.0449090620535504     
   8.0158755190271620       -4.3343635353721366        8.3505827986042274     
   1.6999457306607755       0.20032464406486822       -12.597394179453742     
   2.3681480860663533       -8.9073468231968516        4.7276089336742295     
   1.4919163484439386        1.5460920291767113       -10.069496335403834     
   3.4647302651156684       -1.1903548816409877        5.5914886819694321     
   9.6624667763416987        1.2978792875608882       -6.3177954428351271     
   14.287143000921613       -8.0972808573894497        3.3852483689297110     
  -2.9928426082512409       -3.0687078129340124        4.4354689216977805     
  -2.9088493157248583       -8.9983223488041375        1.7167039757685383     
  -3.4807311811726098       -3.3842064362217577        2.6819404531838678     
   10.129135766400037       0.14581671997044507       0.83904238376589968     
   14.654957607463345       -8.7244167145409275        13.552965543944334     
 -0.30923039935266539       -2.4708736268389506       -10.660171732641265     
 -0.72046865839751861        6.3040714530093771       -6.8536427195397271     
   13.421677801007577       -6.2741372911028517       -2.7418659109931967     
  -5.9711121869573258       -4.7210572691922188        7.2622092785634438     
  -4.0679878253656350       -15.198665597604657       -4.9597621085196462     
   14.240252049542722       -3.1519920565110287        9.9206549215687101     
   3.5173947164049588        4.2512254723892884       -16.386148340131086     
  -3.5573002147570842       -3.3515007200381897       0.91981947845603684     
   1.6158475294876800       -7.5484564942134922       0.89870637649711504     
  -3.6767160460250796       -2.6827382265174378        20.293449008568025     
   1.0038371486022859       -11.721004218006888       -10.952236159230910     
  -8.3706879136012340        10.883303985396697        9.9967800396752224     
  -6.6993390797895476       -1.9535018291902031       0.55777593498317846     
   4.9913001618599777      -0.12077072283334404       -2.2157772904772015     
  -5.8108699750852786       -11.770923767321447       -20.108417265544716     
  -9.1533142189543568       -8.5493845930747216        8.6377049150123284     
  -5.8370979172064432       -8.9966897996862141      -0.11207664227072156     
   4.6102010377528106        7.3181776539696335      -0.49037489777049975     
  -8.9729911750986631        2.7096979992560590        2.4039096645341638     
  -5.5906008875984705      -0.14848953539750290        3.2121774494378958     
   2.0343808072471465       -1.5686116592662784        2.7404806753026554     
  -10.020253296757307      -0.76368492387582887       -3.5608717295403682     
   2.8980008454553112       -3.3997218447171629        11.249966104964010     
   9.8110110202094809       -8.6936491816340169        1.6820538094935737     
   3.3208846482921506       -3.1627330236217261        6.8107391008009559     
   1.7324659409736107       -3.0586153128416589        3.6967489691661024     
  -5.0655464097036358        2.9095853217973291        3.9420059403730163     
   5.8376033632333391       -2.5610079152172851        6.5000767488310505     
  -2.7086581528029932       -5.9522493753768524        5.1941933475780795     
   11.842872771898596       -2.9383802057564652        2.0796327306748754     
 -0.99852163619873302       -4.5138690812562459       -7.6393176792822670     
  -6.0222751120789741        1.3515263235671793       -5.2684709759852346     
  -8.4644787056088724        3.3528496183938641       -5.3108319898242664     
   3.8644671193433133        4.7009476742269776       0.76500454529300244     
   5.7484741857582025      -0.58664805110590323        7.9628935324693675     
   3.7488110248026900       -6.3241116246543880       -1.9112647561876235     
 -0.79954136903174078       -14.139440734940349        1.1892700691130789     
   15.865167052306846       -5.5031562814483976       -2.4826245734667713     
   4.4349364856027238       -4.0607166900454539        16.730726381640022     
   16.510376118067597       -6.2960874482061167       -3.4440836454077042     
  -9.0955833184857156       -1.0760849961435783       -7.0915485510851308     
  0.44354033939253740       -7.6387375528121479        2.9394704573852208     
  -6.5564521128426430        2.0038078804972121      -0.30983346050153415     
  -3.0433855154788487        8.3610757398927280       -2.2317410917136646     
   5.8209019899742245        6.8018233589481447       0.50135724339790699     
   7.6781231391384672       -1.7532028349693600        9.2967137211983477     
   12.682912155966019      -0.40963930663758608       -9.6910874931665114E-002
   8.7020389799839766        1.5802371629714367      -0.82913497797268698     
  0.74601214955299344      -0.55988244131349452       -8.7688302380780740     
  -7.3112860961983692       -3.9916892906615042       0.97673300689336817     
   1.6420762589632019        2.2598415174500435       0.29103323817404952     
  -10.278725757102258        6.0052461619345872      -0.42557510423830408     
  -2.1068658238763143       -4.9555136174194070        3.6882901121844540     
   3.8076606284153387        5.6134206051055742        3.3068249461649528     
   14.654262078023182      -0.71186862048023214       -3.2682088931978073     
  -5.2401273326554447       -2.0488175605067322      -0.39342078713414724     
  -7.2644559331312113       0.10020330173911969        2.7477643913316880     
   1.9119876801300739        1.9036015500160377       -3.5075939530210785     
  -6.4642875870580516       -5.1345003396118596        7.2962081130047727     
  -10.909921004045280        6.0489793402247365        6.3382088020573155     
  -6.8091816794619637       -2.7582706673418471       -4.6275416444296367     
   4.5576353288296279       -7.7336723280195558        3.0516008442567641     
 -0.64059772643616442        3.3894525566878286        4.4078641468304163     
   1.7500400805669634       0.78061218225906315       -6.6111474077733101     
  -6.1188891414915592        1.1722204439901787        3.7184725117517288     
  -1.0662700114630588        3.2526261372102980       -3.8282459434717864     
  -3.2836063586936057       -1.5571038674704689       -5.6533489480895405     
   9.8532119155198963        16.626784316145667        1.9745097245534469     
  -7.6351809099246717       -1.4199772567764544        3.8634677876544949     
  -3.6120854206944903        6.1042254630595565       -3.3766788394423242     
  -5.5309701315435849       0.51258716663768034        5.8757420885827036     
 -0.92345325786736931       -5.2997310386004441      -0.11995297378860043     
  -5.6222440905059079       -6.2242851077048815        7.8391179496782337     
  -2.7335628169895938       -5.0202140646736799        11.891877469943219     
   1.5178769561011147       -2.9713913637395462       -1.6478071265539074     
   3.2059251160605946      -0.62922671650319162       -8.5787314551106206     
  -6.0495964518663108       -11.234177818572000       -6.2172550716411727     
   8.8384184263234786        7.9207909615545455        5.5666446489491177     
   2.3726191848679110       -4.9764929922671772       -3.8653829811501814     
   5.9719129649215104        2.3897212736207218       -3.9840502655616561     
  -9.6584936473331027        19.305281421752888        1.2677934257268482     
