 excess energy/kTN=  -483.96324859545177     
 sigma(excess energy/kTN)=  0.16232840689589764     
    0.008682    0.000000
    0.026047    0.000000
    0.043412    0.000000
    0.060776    0.000000
    0.078141    0.000000
    0.095506    0.000000
    0.112870    0.000000
    0.130235    0.000000
    0.147600    0.000000
    0.164964    0.000000
    0.182329    0.000000
    0.199694    0.000000
    0.217058    0.000000
    0.234423    0.000000
    0.251788    0.000000
    0.269152    0.000000
    0.286517    0.000000
    0.303881    0.000000
    0.321246    0.000000
    0.338611    0.000000
    0.355975    0.000000
    0.373340    0.000000
    0.390705    0.000000
    0.408069    0.000000
    0.425434    0.000000
    0.442799    0.000000
    0.460163    0.000000
    0.477528    0.000000
    0.494893    0.000000
    0.512257    0.000000
    0.529622    0.000000
    0.546987    0.000000
    0.564351    0.000000
    0.581716    0.000000
    0.599081    0.000000
    0.616445    0.000000
    0.633810    0.000000
    0.651175    0.000000
    0.668539    0.000000
    0.685904    0.000000
    0.703269    0.000000
    0.720633    0.000000
    0.737998    0.000000
    0.755363    0.000000
    0.772727    0.000000
    0.790092    0.000000
    0.807457    0.000000
    0.824821    0.000000
    0.842186    0.000000
    0.859551    0.000000
    0.876915    0.000000
    0.894280    0.000000
    0.911644    0.000000
    0.929009    0.000000
    0.946374    0.000000
    0.963738    0.000008
    0.981103    0.070519
    0.998468    1.387949
    1.015832    2.973458
    1.033197    3.132623
    1.050562    3.112676
    1.067926    3.096145
    1.085291    3.077222
    1.102656    3.072485
    1.120020    3.057906
    1.137385    3.050657
    1.154750    3.040039
    1.172114    3.037567
    1.189479    3.027109
    1.206844    3.022576
    1.224208    3.015036
    1.241573    2.889052
    1.258938    0.621412
    1.276302    0.498026
    1.293667    0.830074
    1.311032    0.898473
    1.328396    0.896734
    1.345761    0.897394
    1.363126    0.902901
    1.380490    0.904296
    1.397855    0.901911
    1.415220    0.906278
    1.432584    0.907320
    1.449949    0.909849
    1.467314    0.909363
    1.484678    0.914005
    1.502043    0.916371
    1.519407    0.917078
    1.536772    0.921666
    1.554137    0.924982
    1.571501    0.925547
    1.588866    0.933615
    1.606231    0.936146
    1.623595    0.941812
    1.640960    0.943517
    1.658325    0.947981
    1.675689    0.956985
    1.693054    0.961101
    1.710419    0.967126
    1.727783    0.976824
    1.745148    0.982776
    1.762513    0.994333
    1.779877    1.002769
    1.797242    1.011385
    1.814607    1.018960
    1.831971    1.027910
    1.849336    1.039787
    1.866701    1.048279
    1.884065    1.056843
    1.901430    1.067850
    1.918795    1.073326
    1.936159    1.080483
    1.953524    1.088756
    1.970889    1.097010
    1.988253    1.103537
    2.005618    1.109624
    2.022983    1.116956
    2.040347    1.122058
    2.057712    1.125645
    2.075077    1.125466
    2.092441    1.127413
    2.109806    1.126748
    2.127170    1.123803
    2.144535    1.123508
    2.161900    1.116303
    2.179264    1.108016
    2.196629    1.101400
    2.213994    1.093488
    2.231358    1.082252
    2.248723    1.068677
    2.266088    1.054859
    2.283452    1.042088
    2.300817    1.034706
    2.318182    1.024554
    2.335546    1.015893
    2.352911    1.007301
    2.370276    1.001265
    2.387640    0.995072
    2.405005    0.992170
    2.422370    0.987963
    2.439734    0.984072
    2.457099    0.985182
    2.474464    0.982491
    2.491828    0.984648
    2.509193    0.984876
    2.526558    0.984653
    2.543922    0.985413
    2.561287    0.987925
    2.578652    0.989251
    2.596016    0.988630
    2.613381    0.990409
    2.630746    0.989981
    2.648110    0.991279
    2.665475    0.994769
    2.682839    0.995620
    2.700204    0.996308
    2.717569    0.996984
    2.734933    0.999587
    2.752298    0.997588
    2.769663    0.999950
    2.787027    1.000725
    2.804392    1.001597
    2.821757    1.002035
    2.839121    1.003245
    2.856486    1.003414
    2.873851    1.004492
    2.891215    1.005100
    2.908580    1.005203
    2.925945    1.004061
    2.943309    1.004615
    2.960674    1.005639
    2.978039    1.005332
    2.995403    1.005400
    3.012768    1.006949
    3.030133    1.005427
    3.047497    1.004305
    3.064862    1.004935
    3.082227    1.004243
    3.099591    1.003476
    3.116956    1.001849
    3.134321    1.002710
    3.151685    1.001998
    3.169050    0.998651
    3.186415    0.999345
    3.203779    1.000163
    3.221144    0.999337
    3.238509    0.997123
    3.255873    0.997512
    3.273238    0.995660
    3.290602    0.996166
    3.307967    0.994650
    3.325332    0.993352
    3.342696    0.992763
    3.360061    0.991727
    3.377426    0.991705
    3.394790    0.990171
    3.412155    0.991338
    3.429520    0.990522
    3.446884    0.988105
    3.464249    0.988743
    3.481614    0.989200
    3.498978    0.989369
    3.516343    0.988712
    3.533708    0.988793
    3.551072    0.989464
    3.568437    0.988025
    3.585802    0.988671
    3.603166    0.989716
    3.620531    0.988917
    3.637896    0.989810
    3.655260    0.989784
    3.672625    0.990421
    3.689990    0.991643
    3.707354    0.990853
    3.724719    0.991378
    3.742084    0.991525
    3.759448    0.991836
    3.776813    0.991242
    3.794178    0.992170
    3.811542    0.991098
    3.828907    0.991293
    3.846272    0.992180
    3.863636    0.993290
    3.881001    0.992674
    3.898365    0.992836
    3.915730    0.991833
    3.933095    0.992833
    3.950459    0.990804
    3.967824    0.992097
    3.985189    0.991007
    4.002553    0.991216
    4.019918    0.991103
    4.037283    0.992237
    4.054647    0.992305
    4.072012    0.991901
    4.089377    0.991395
    4.106741    0.990899
    4.124106    0.990579
    4.141471    0.989667
    4.158835    0.989755
    4.176200    0.989768
    4.193565    0.990924
    4.210929    0.990392
    4.228294    0.990432
    4.245659    0.990696
    4.263023    0.990989
    4.280388    0.990073
    4.297753    0.990305
    4.315117    0.990130
    4.332482    0.989934
    4.349847    0.990459
    4.367211    0.989988
    4.384576    0.988789
    4.401941    0.989481
    4.419305    0.990073
    4.436670    0.990564
    4.454035    0.990120
    4.471399    0.989635
    4.488764    0.989986
    4.506128    0.989432
    4.523493    0.990399
    4.540858    0.989968
    4.558222    0.989767
    4.575587    0.990936
    4.592952    0.990501
    4.610316    0.990237
    4.627681    0.990523
    4.645046    0.991072
    4.662410    0.991049
    4.679775    0.990574
    4.697140    0.990831
    4.714504    0.990826
    4.731869    0.990047
    4.749234    0.990990
    4.766598    0.989787
    4.783963    0.991132
    4.801328    0.990736
    4.818692    0.990949
    4.836057    0.990123
    4.853422    0.990394
    4.870786    0.989745
    4.888151    0.990266
    4.905516    0.990985
    4.922880    0.991272
    4.940245    0.990622
    4.957610    0.990086
    4.974974    0.989828
    4.992339    0.990378
    5.009704    0.989880
    5.027068    0.990216
    5.044433    0.990775
    5.061797    0.991922
    5.079162    0.991273
    5.096527    0.990521
    5.113891    0.991131
    5.131256    0.991481
    5.148621    0.991028
    5.165985    0.990056
    5.183350    0.990902
    5.200715    0.990214
    5.218079    0.990704
    5.235444    0.991229
    5.252809    0.991091
    5.270173    0.990362
    5.287538    0.991243
    5.304903    0.991235
    5.322267    0.990816
    5.339632    0.991453
    5.356997    0.990628
    5.374361    0.990913
    5.391726    0.990819
    5.409091    0.991563
    5.426455    0.991442
    5.443820    0.990322
    5.461185    0.991310
    5.478549    0.991979
    5.495914    0.992102
    5.513279    0.991937
    5.530643    0.991932
    5.548008    0.992353
    5.565373    0.992487
    5.582737    0.992896
    5.600102    0.993449
    5.617467    0.992359
    5.634831    0.993217
    5.652196    0.993096
    5.669560    0.992544
    5.686925    0.992858
    5.704290    0.993177
    5.721654    0.992494
    5.739019    0.992950
    5.756384    0.992721
    5.773748    0.993645
    5.791113    0.993554
    5.808478    0.993292
    5.825842    0.993553
    5.843207    0.993085
    5.860572    0.993200
    5.877936    0.993021
    5.895301    0.993415
    5.912666    0.993797
    5.930030    0.993507
    5.947395    0.994221
    5.964760    0.993558
    5.982124    0.993659
    5.999489    0.993235
    6.016854    0.994157
    6.034218    0.993973
    6.051583    0.993159
    6.068948    0.993306
