    0.003015    0.015604    0.000002
    0.006031    0.029726    0.000003
    0.009046    0.043339    0.000005
    0.012061    0.056747    0.000006
    0.015077    0.070061    0.000008
    0.018092    0.083329    0.000009
    0.021107    0.096574    0.000011
    0.024123    0.109816    0.000012
    0.027138    0.123048    0.000014
    0.030153    0.136279    0.000015
    0.033168    0.149498    0.000017
    0.036184    0.162720    0.000018
    0.039199    0.175933    0.000020
    0.042214    0.189152    0.000021
    0.045230    0.202377    0.000022
    0.048245    0.215589    0.000024
    0.051260    0.228798    0.000025
    0.054276    0.242018    0.000027
    0.057291    0.255227    0.000028
    0.060306    0.268445    0.000030
    0.063322    0.281657    0.000031
    0.066337    0.294861    0.000033
    0.069352    0.308058    0.000034
    0.072368    0.321269    0.000036
    0.075383    0.334472    0.000037
    0.078398    0.347668    0.000039
    0.081413    0.360861    0.000040
    0.084429    0.374065    0.000041
    0.087444    0.387268    0.000043
    0.090459    0.400484    0.000044
    0.093475    0.413695    0.000046
    0.096490    0.426916    0.000047
    0.099505    0.440133    0.000049
    0.102521    0.453337    0.000050
    0.105536    0.466546    0.000052
    0.108551    0.479764    0.000053
    0.111567    0.492974    0.000054
    0.114582    0.506193    0.000056
    0.117597    0.519407    0.000057
    0.120613    0.532611    0.000059
    0.123628    0.545811    0.000060
    0.126643    0.559020    0.000062
    0.129658    0.572229    0.000063
    0.132674    0.585436    0.000065
    0.135689    0.598638    0.000066
    0.138704    0.611834    0.000067
    0.141720    0.625043    0.000069
    0.144735    0.638250    0.000070
    0.147750    0.651458    0.000072
    0.150766    0.664666    0.000073
    0.153781    0.677867    0.000075
    0.156796    0.691070    0.000076
    0.159812    0.704272    0.000077
    0.162827    0.717477    0.000079
    0.165842    0.730677    0.000080
    0.168858    0.743869    0.000082
    0.171873    0.757086    0.000083
    0.174888    0.770297    0.000085
    0.177903    0.783498    0.000086
    0.180919    0.796710    0.000087
    0.183934    0.809912    0.000089
    0.186949    0.823127    0.000090
    0.189965    0.836340    0.000092
    0.192980    0.849560    0.000093
    0.195995    0.862777    0.000094
    0.199011    0.875993    0.000096
    0.202026    0.889211    0.000097
    0.205041    0.902437    0.000099
    0.208057    0.915673    0.000100
    0.211072    0.928912    0.000102
    0.214087    0.942146    0.000103
    0.217103    0.955377    0.000104
    0.220118    0.968600    0.000106
    0.223133    0.981837    0.000107
    0.226148    0.995075    0.000109
    0.229164    1.008314    0.000110
    0.232179    1.021556    0.000112
    0.235194    1.034793    0.000113
    0.238210    1.048043    0.000114
    0.241225    1.061293    0.000116
    0.244240    1.074535    0.000117
    0.247256    1.087767    0.000119
    0.250271    1.100995    0.000120
    0.253286    1.114218    0.000121
    0.256302    1.127449    0.000123
    0.259317    1.140688    0.000124
    0.262332    1.153929    0.000126
    0.265348    1.167159    0.000127
    0.268363    1.180381    0.000129
    0.271378    1.193612    0.000130
    0.274393    1.206838    0.000131
    0.277409    1.220058    0.000133
    0.280424    1.233277    0.000134
    0.283439    1.246494    0.000136
    0.286455    1.259726    0.000137
    0.289470    1.272965    0.000138
    0.292485    1.286198    0.000140
    0.295501    1.299433    0.000141
    0.298516    1.312671    0.000143
    0.301531    1.325918    0.000144
    0.304547    1.339166    0.000145
    0.307562    1.352399    0.000147
    0.310577    1.365627    0.000148
    0.313593    1.378848    0.000150
    0.316608    1.392084    0.000151
    0.319623    1.405313    0.000153
    0.322639    1.418533    0.000154
    0.325654    1.431747    0.000155
    0.328669    1.444971    0.000157
    0.331684    1.458196    0.000158
    0.334700    1.471425    0.000160
    0.337715    1.484640    0.000161
    0.340730    1.497859    0.000162
    0.343746    1.511082    0.000164
    0.346761    1.524290    0.000165
    0.349776    1.537509    0.000167
    0.352792    1.550731    0.000168
    0.355807    1.563949    0.000169
    0.358822    1.577165    0.000171
    0.361838    1.590372    0.000172
    0.364853    1.603578    0.000174
    0.367868    1.616776    0.000175
    0.370884    1.629975    0.000176
    0.373899    1.643166    0.000178
    0.376914    1.656353    0.000179
    0.379929    1.669545    0.000181
    0.382945    1.682748    0.000182
    0.385960    1.695953    0.000184
    0.388975    1.709154    0.000185
    0.391991    1.722356    0.000186
    0.395006    1.735556    0.000188
    0.398021    1.748748    0.000189
    0.401037    1.761941    0.000191
    0.404052    1.775126    0.000192
    0.407067    1.788300    0.000193
    0.410083    1.801470    0.000195
    0.413098    1.814643    0.000196
    0.416113    1.827808    0.000198
    0.419129    1.840972    0.000199
    0.422144    1.854143    0.000200
    0.425159    1.867313    0.000202
    0.428174    1.880474    0.000203
    0.431190    1.893649    0.000205
    0.434205    1.906827    0.000206
    0.437220    1.920016    0.000208
    0.440236    1.933207    0.000209
    0.443251    1.946395    0.000210
    0.446266    1.959588    0.000212
    0.449282    1.972775    0.000213
    0.452297    1.985972    0.000215
    0.455312    1.999176    0.000216
    0.458328    2.012368    0.000218
    0.461343    2.025549    0.000219
    0.464358    2.038725    0.000220
    0.467374    2.051911    0.000222
    0.470389    2.065100    0.000223
    0.473404    2.078298    0.000225
    0.476419    2.091488    0.000226
    0.479435    2.104676    0.000227
    0.482450    2.117870    0.000229
    0.485465    2.131059    0.000230
    0.488481    2.144234    0.000232
    0.491496    2.157410    0.000233
    0.494511    2.170604    0.000235
    0.497527    2.183782    0.000236
    0.500542    2.196954    0.000237
    0.503557    2.210116    0.000239
    0.506573    2.223281    0.000240
    0.509588    2.236450    0.000242
    0.512603    2.249631    0.000243
    0.515619    2.262821    0.000244
    0.518634    2.276006    0.000246
    0.521649    2.289193    0.000247
    0.524664    2.302383    0.000249
    0.527680    2.315577    0.000250
    0.530695    2.328767    0.000252
    0.533710    2.341961    0.000253
    0.536726    2.355162    0.000254
    0.539741    2.368364    0.000256
    0.542756    2.381569    0.000257
    0.545772    2.394760    0.000259
    0.548787    2.407941    0.000260
    0.551802    2.421128    0.000261
    0.554818    2.434322    0.000263
    0.557833    2.447526    0.000264
    0.560848    2.460740    0.000266
    0.563864    2.473955    0.000267
    0.566879    2.487175    0.000269
    0.569894    2.500399    0.000270
    0.572909    2.513622    0.000271
    0.575925    2.526850    0.000273
    0.578940    2.540078    0.000274
    0.581955    2.553318    0.000276
    0.584971    2.566547    0.000277
    0.587986    2.579782    0.000278
    0.591001    2.593032    0.000280
    0.594017    2.606272    0.000281
    0.597032    2.619501    0.000283
    0.600047    2.632729    0.000284
    0.603063    2.645949    0.000286
    0.606078    2.659162    0.000287
    0.609093    2.672389    0.000288
    0.612109    2.685625    0.000290
    0.615124    2.698866    0.000291
    0.618139    2.712124    0.000293
    0.621154    2.725386    0.000294
    0.624170    2.738635    0.000295
    0.627185    2.751886    0.000297
    0.630200    2.765127    0.000298
    0.633216    2.778372    0.000300
    0.636231    2.791620    0.000301
    0.639246    2.804870    0.000303
    0.642262    2.818120    0.000304
    0.645277    2.831379    0.000305
    0.648292    2.844633    0.000307
    0.651308    2.857881    0.000308
    0.654323    2.871128    0.000310
    0.657338    2.884379    0.000311
    0.660354    2.897635    0.000313
    0.663369    2.910885    0.000314
    0.666384    2.924133    0.000315
    0.669400    2.937381    0.000317
    0.672415    2.950626    0.000318
    0.675430    2.963867    0.000320
    0.678445    2.977105    0.000321
    0.681461    2.990345    0.000322
    0.684476    3.003584    0.000324
    0.687491    3.016834    0.000325
    0.690507    3.030086    0.000327
    0.693522    3.043316    0.000328
    0.696537    3.056552    0.000330
    0.699553    3.069809    0.000331
    0.702568    3.083057    0.000332
    0.705583    3.096296    0.000334
    0.708599    3.109530    0.000335
    0.711614    3.122759    0.000337
    0.714629    3.135980    0.000338
    0.717645    3.149199    0.000339
    0.720660    3.162423    0.000341
    0.723675    3.175644    0.000342
    0.726690    3.188869    0.000344
    0.729706    3.202091    0.000345
    0.732721    3.215312    0.000346
    0.735736    3.228533    0.000348
    0.738752    3.241757    0.000349
    0.741767    3.254983    0.000351
    0.744782    3.268208    0.000352
    0.747798    3.281427    0.000353
    0.750813    3.294650    0.000355
    0.753828    3.307871    0.000356
    0.756844    3.321088    0.000358
    0.759859    3.334313    0.000359
    0.762874    3.347536    0.000361
    0.765890    3.360755    0.000362
    0.768905    3.373973    0.000363
    0.771920    3.387208    0.000365
    0.774935    3.400438    0.000366
    0.777951    3.413679    0.000368
    0.780966    3.426924    0.000369
    0.783981    3.440169    0.000370
    0.786997    3.453410    0.000372
    0.790012    3.466655    0.000373
    0.793027    3.479892    0.000375
    0.796043    3.493129    0.000376
    0.799058    3.506363    0.000377
    0.802073    3.519597    0.000379
    0.805089    3.532830    0.000380
    0.808104    3.546056    0.000382
    0.811119    3.559285    0.000383
    0.814135    3.572525    0.000385
    0.817150    3.585768    0.000386
    0.820165    3.599011    0.000387
    0.823180    3.612245    0.000389
    0.826196    3.625494    0.000390
    0.829211    3.638743    0.000392
    0.832226    3.651985    0.000393
    0.835242    3.665233    0.000394
    0.838257    3.678483    0.000396
    0.841272    3.691728    0.000397
    0.844288    3.704960    0.000399
    0.847303    3.718185    0.000400
    0.850318    3.731424    0.000401
    0.853334    3.744669    0.000403
    0.856349    3.757918    0.000404
    0.859364    3.771168    0.000406
    0.862380    3.784413    0.000407
    0.865395    3.797665    0.000409
    0.868410    3.810919    0.000410
    0.871425    3.824160    0.000411
    0.874441    3.837407    0.000413
    0.877456    3.850661    0.000414
    0.880471    3.863927    0.000416
    0.883487    3.877199    0.000417
    0.886502    3.890468    0.000419
    0.889517    3.903744    0.000420
    0.892533    3.917023    0.000421
    0.895548    3.930304    0.000423
    0.898563    3.943579    0.000424
    0.901579    3.956857    0.000426
    0.904594    3.970135    0.000427
    0.907609    3.983425    0.000429
    0.910625    3.996716    0.000430
    0.913640    4.010008    0.000431
    0.916655    4.023291    0.000433
    0.919670    4.036572    0.000434
    0.922686    4.049851    0.000436
    0.925701    4.063137    0.000437
    0.928716    4.076427    0.000439
    0.931732    4.089726    0.000440
    0.934747    4.103020    0.000442
    0.937762    4.116308    0.000443
    0.940778    4.129606    0.000444
    0.943793    4.142902    0.000446
    0.946808    4.156209    0.000447
    0.949824    4.169517    0.000449
    0.952839    4.182831    0.000450
    0.955854    4.196144    0.000452
    0.958870    4.209457    0.000453
    0.961885    4.222763    0.000454
    0.964900    4.236087    0.000456
    0.967916    4.249423    0.000457
    0.970931    4.262761    0.000459
    0.973946    4.276103    0.000460
    0.976961    4.289435    0.000462
    0.979977    4.302762    0.000463
    0.982992    4.316108    0.000465
    0.986007    4.329454    0.000466
    0.989023    4.342795    0.000467
    0.992038    4.356148    0.000469
    0.995053    4.369508    0.000470
    0.998069    4.382861    0.000472
    1.001084    4.396216    0.000473
    1.004099    4.409569    0.000475
    1.007115    4.422918    0.000476
    1.010130    4.436262    0.000478
    1.013145    4.449616    0.000479
    1.016161    4.462972    0.000481
    1.019176    4.476332    0.000482
    1.022191    4.489695    0.000483
    1.025206    4.503052    0.000485
    1.028222    4.516408    0.000486
    1.031237    4.529760    0.000488
    1.034252    4.543115    0.000489
    1.037268    4.556475    0.000491
    1.040283    4.569828    0.000492
    1.043298    4.583191    0.000494
    1.046314    4.596554    0.000495
    1.049329    4.609896    0.000496
    1.052344    4.623236    0.000498
    1.055360    4.636577    0.000499
    1.058375    4.649923    0.000501
    1.061390    4.663265    0.000502
    1.064406    4.676604    0.000504
    1.067421    4.689937    0.000505
    1.070436    4.703270    0.000507
    1.073451    4.716612    0.000508
    1.076467    4.729949    0.000510
    1.079482    4.743289    0.000511
    1.082497    4.756627    0.000512
    1.085513    4.769960    0.000514
    1.088528    4.783286    0.000515
    1.091543    4.796607    0.000517
    1.094559    4.809939    0.000518
    1.097574    4.823272    0.000520
    1.100589    4.836595    0.000521
    1.103605    4.849915    0.000523
    1.106620    4.863234    0.000524
    1.109635    4.876553    0.000526
    1.112651    4.889872    0.000527
    1.115666    4.903188    0.000528
    1.118681    4.916504    0.000530
    1.121696    4.929810    0.000531
    1.124712    4.943116    0.000533
    1.127727    4.956428    0.000534
    1.130742    4.969747    0.000536
    1.133758    4.983062    0.000537
    1.136773    4.996376    0.000539
    1.139788    5.009687    0.000540
    1.142804    5.023004    0.000542
    1.145819    5.036322    0.000543
    1.148834    5.049641    0.000544
    1.151850    5.062957    0.000546
    1.154865    5.076265    0.000547
    1.157880    5.089569    0.000549
    1.160896    5.102868    0.000550
    1.163911    5.116174    0.000552
    1.166926    5.129492    0.000553
    1.169941    5.142811    0.000555
    1.172957    5.156133    0.000556
    1.175972    5.169461    0.000557
    1.178987    5.182790    0.000559
    1.182003    5.196120    0.000560
    1.185018    5.209445    0.000562
    1.188033    5.222774    0.000563
    1.191049    5.236101    0.000565
    1.194064    5.249431    0.000566
    1.197079    5.262760    0.000568
    1.200095    5.276090    0.000569
    1.203110    5.289420    0.000571
    1.206125    5.302748    0.000572
    1.209141    5.316065    0.000573
    1.212156    5.329382    0.000575
    1.215171    5.342709    0.000576
    1.218186    5.356036    0.000578
    1.221202    5.369368    0.000579
    1.224217    5.382703    0.000581
    1.227232    5.396038    0.000582
    1.230248    5.409382    0.000584
    1.233263    5.422718    0.000585
    1.236278    5.436053    0.000587
    1.239294    5.449391    0.000588
    1.242309    5.462725    0.000590
    1.245324    5.476061    0.000591
    1.248340    5.489396    0.000592
    1.251355    5.502734    0.000594
    1.254370    5.516074    0.000595
    1.257386    5.529418    0.000597
    1.260401    5.542763    0.000598
    1.263416    5.556102    0.000600
    1.266432    5.569442    0.000601
    1.269447    5.582785    0.000603
    1.272462    5.596115    0.000604
    1.275477    5.609441    0.000606
    1.278493    5.622759    0.000607
    1.281508    5.636072    0.000608
    1.284523    5.649378    0.000610
    1.287539    5.662670    0.000611
    1.290554    5.675966    0.000613
    1.293569    5.689264    0.000614
    1.296585    5.702563    0.000616
    1.299600    5.715853    0.000617
    1.302615    5.729145    0.000619
    1.305631    5.742446    0.000620
    1.308646    5.755750    0.000622
    1.311661    5.769058    0.000623
    1.314677    5.782377    0.000624
    1.317692    5.795705    0.000626
    1.320707    5.809023    0.000627
    1.323722    5.822338    0.000629
    1.326738    5.835648    0.000630
    1.329753    5.848962    0.000632
    1.332768    5.862286    0.000633
    1.335784    5.875607    0.000635
    1.338799    5.888937    0.000636
    1.341814    5.902259    0.000637
    1.344830    5.915585    0.000639
    1.347845    5.928921    0.000640
    1.350860    5.942265    0.000642
    1.353876    5.955604    0.000643
    1.356891    5.968946    0.000645
    1.359906    5.982285    0.000646
    1.362922    5.995634    0.000648
    1.365937    6.008989    0.000649
    1.368952    6.022347    0.000651
    1.371967    6.035695    0.000652
    1.374983    6.049043    0.000653
    1.377998    6.062403    0.000655
    1.381013    6.075775    0.000656
    1.384029    6.089151    0.000658
    1.387044    6.102521    0.000659
    1.390059    6.115888    0.000661
    1.393075    6.129253    0.000662
    1.396090    6.142615    0.000664
    1.399105    6.155979    0.000665
    1.402121    6.169336    0.000666
    1.405136    6.182697    0.000668
    1.408151    6.196057    0.000669
    1.411167    6.209408    0.000671
    1.414182    6.222767    0.000672
    1.417197    6.236134    0.000674
    1.420212    6.249497    0.000675
    1.423228    6.262859    0.000677
    1.426243    6.276216    0.000678
    1.429258    6.289570    0.000680
    1.432274    6.302920    0.000681
    1.435289    6.316276    0.000682
    1.438304    6.329636    0.000684
    1.441320    6.342989    0.000685
    1.444335    6.356344    0.000687
    1.447350    6.369690    0.000688
    1.450366    6.383036    0.000690
    1.453381    6.396400    0.000691
    1.456396    6.409768    0.000693
    1.459412    6.423131    0.000694
    1.462427    6.436492    0.000695
    1.465442    6.449852    0.000697
    1.468457    6.463206    0.000698
    1.471473    6.476559    0.000700
    1.474488    6.489912    0.000701
    1.477503    6.503266    0.000703
    1.480519    6.516614    0.000704
    1.483534    6.529962    0.000706
    1.486549    6.543314    0.000707
    1.489565    6.556668    0.000709
    1.492580    6.570029    0.000710
    1.495595    6.583383    0.000711
    1.498611    6.596729    0.000713
    1.501626    6.610079    0.000714
    1.504641    6.623425    0.000716
    1.507657    6.636779    0.000717
    1.510672    6.650130    0.000719
    1.513687    6.663485    0.000720
    1.516702    6.676841    0.000722
    1.519718    6.690197    0.000723
    1.522733    6.703551    0.000724
    1.525748    6.716899    0.000726
    1.528764    6.730237    0.000727
    1.531779    6.743577    0.000729
    1.534794    6.756931    0.000730
    1.537810    6.770282    0.000732
    1.540825    6.783627    0.000733
    1.543840    6.796979    0.000735
    1.546856    6.810331    0.000736
    1.549871    6.823677    0.000737
    1.552886    6.837014    0.000739
    1.555902    6.850358    0.000740
    1.558917    6.863698    0.000742
    1.561932    6.877031    0.000743
    1.564948    6.890371    0.000745
    1.567963    6.903703    0.000746
    1.570978    6.917043    0.000748
    1.573993    6.930380    0.000749
    1.577009    6.943719    0.000750
    1.580024    6.957058    0.000752
    1.583039    6.970394    0.000753
    1.586055    6.983730    0.000755
    1.589070    6.997067    0.000756
    1.592085    7.010408    0.000758
    1.595101    7.023749    0.000759
    1.598116    7.037091    0.000761
    1.601131    7.050440    0.000762
    1.604147    7.063789    0.000764
    1.607162    7.077128    0.000765
    1.610177    7.090479    0.000766
    1.613193    7.103834    0.000768
    1.616208    7.117195    0.000769
    1.619223    7.130548    0.000771
    1.622238    7.143907    0.000772
    1.625254    7.157277    0.000774
    1.628269    7.170637    0.000775
    1.631284    7.183997    0.000777
    1.634300    7.197353    0.000778
    1.637315    7.210713    0.000780
    1.640330    7.224070    0.000781
    1.643346    7.237426    0.000782
    1.646361    7.250774    0.000784
    1.649376    7.264127    0.000785
    1.652392    7.277476    0.000787
    1.655407    7.290823    0.000788
    1.658422    7.304181    0.000790
    1.661438    7.317543    0.000791
    1.664453    7.330914    0.000793
    1.667468    7.344282    0.000794
    1.670483    7.357632    0.000796
    1.673499    7.370986    0.000797
    1.676514    7.384347    0.000798
    1.679529    7.397711    0.000800
    1.682545    7.411077    0.000801
    1.685560    7.424436    0.000803
    1.688575    7.437805    0.000804
    1.691591    7.451164    0.000806
    1.694606    7.464519    0.000807
    1.697621    7.477879    0.000809
    1.700637    7.491232    0.000810
    1.703652    7.504582    0.000812
    1.706667    7.517928    0.000813
    1.709683    7.531287    0.000815
    1.712698    7.544639    0.000816
    1.715713    7.557984    0.000817
    1.718728    7.571325    0.000819
    1.721744    7.584667    0.000820
    1.724759    7.598011    0.000822
    1.727774    7.611363    0.000823
    1.730790    7.624713    0.000825
    1.733805    7.638061    0.000826
    1.736820    7.651417    0.000828
    1.739836    7.664768    0.000829
    1.742851    7.678118    0.000831
    1.745866    7.691462    0.000832
    1.748882    7.704801    0.000833
    1.751897    7.718149    0.000835
    1.754912    7.731505    0.000836
    1.757928    7.744850    0.000838
    1.760943    7.758206    0.000839
    1.763958    7.771562    0.000841
    1.766973    7.784933    0.000842
    1.769989    7.798295    0.000844
    1.773004    7.811647    0.000845
    1.776019    7.824991    0.000847
    1.779035    7.838342    0.000848
    1.782050    7.851676    0.000850
    1.785065    7.865007    0.000851
    1.788081    7.878340    0.000853
    1.791096    7.891672    0.000854
    1.794111    7.904991    0.000855
    1.797127    7.918315    0.000857
    1.800142    7.931637    0.000858
    1.803157    7.944961    0.000860
    1.806173    7.958298    0.000861
    1.809188    7.971634    0.000863
    1.812203    7.984972    0.000864
    1.815218    7.998305    0.000866
    1.818234    8.011639    0.000867
    1.821249    8.024970    0.000869
    1.824264    8.038304    0.000870
    1.827280    8.051643    0.000872
    1.830295    8.064982    0.000873
    1.833310    8.078308    0.000874
    1.836326    8.091635    0.000876
    1.839341    8.104966    0.000877
    1.842356    8.118290    0.000879
    1.845372    8.131626    0.000880
    1.848387    8.144965    0.000882
    1.851402    8.158299    0.000883
    1.854418    8.171642    0.000885
    1.857433    8.184995    0.000886
    1.860448    8.198333    0.000888
    1.863463    8.211665    0.000889
    1.866479    8.224996    0.000890
    1.869494    8.238318    0.000892
    1.872509    8.251639    0.000893
    1.875525    8.264963    0.000895
    1.878540    8.278295    0.000896
    1.881555    8.291627    0.000898
    1.884571    8.304963    0.000899
    1.887586    8.318305    0.000901
    1.890601    8.331631    0.000902
    1.893617    8.344963    0.000903
    1.896632    8.358303    0.000905
    1.899647    8.371645    0.000906
    1.902663    8.384983    0.000908
    1.905678    8.398337    0.000909
    1.908693    8.411686    0.000911
    1.911709    8.425042    0.000912
    1.914724    8.438405    0.000914
    1.917739    8.451769    0.000915
    1.920754    8.465129    0.000917
    1.923770    8.478476    0.000918
    1.926785    8.491828    0.000920
    1.929800    8.505181    0.000921
    1.932816    8.518527    0.000922
    1.935831    8.531875    0.000924
    1.938846    8.545219    0.000925
    1.941862    8.558580    0.000927
    1.944877    8.571949    0.000928
    1.947892    8.585307    0.000930
    1.950908    8.598664    0.000931
    1.953923    8.612022    0.000933
    1.956938    8.625381    0.000934
    1.959954    8.638739    0.000936
    1.962969    8.652103    0.000937
    1.965984    8.665467    0.000938
    1.968999    8.678826    0.000940
    1.972015    8.692190    0.000941
    1.975030    8.705557    0.000943
    1.978045    8.718930    0.000944
    1.981061    8.732303    0.000946
    1.984076    8.745674    0.000947
    1.987091    8.759031    0.000949
    1.990107    8.772382    0.000950
    1.993122    8.785736    0.000951
    1.996137    8.799086    0.000953
    1.999153    8.812435    0.000954
    2.002168    8.825780    0.000956
    2.005183    8.839142    0.000957
    2.008199    8.852495    0.000959
    2.011214    8.865853    0.000960
    2.014229    8.879204    0.000962
    2.017244    8.892563    0.000963
    2.020260    8.905918    0.000964
    2.023275    8.919271    0.000966
    2.026290    8.932626    0.000967
    2.029306    8.945972    0.000969
    2.032321    8.959321    0.000970
    2.035336    8.972678    0.000972
    2.038352    8.986039    0.000973
    2.041367    8.999395    0.000975
    2.044382    9.012763    0.000976
    2.047398    9.026132    0.000977
    2.050413    9.039503    0.000979
    2.053428    9.052861    0.000980
    2.056444    9.066220    0.000982
    2.059459    9.079575    0.000983
    2.062474    9.092932    0.000985
    2.065489    9.106283    0.000986
    2.068505    9.119640    0.000987
    2.071520    9.132998    0.000989
    2.074535    9.146365    0.000990
    2.077551    9.159721    0.000992
    2.080566    9.173087    0.000993
    2.083581    9.186454    0.000995
    2.086597    9.199827    0.000996
    2.089612    9.213193    0.000998
    2.092627    9.226548    0.000999
    2.095643    9.239898    0.001000
    2.098658    9.253244    0.001002
    2.101673    9.266595    0.001003
    2.104689    9.279941    0.001005
    2.107704    9.293296    0.001006
    2.110719    9.306658    0.001008
    2.113734    9.320016    0.001009
    2.116750    9.333378    0.001010
    2.119765    9.346734    0.001012
    2.122780    9.360103    0.001013
    2.125796    9.373476    0.001015
    2.128811    9.386846    0.001016
    2.131826    9.400223    0.001018
    2.134842    9.413604    0.001019
    2.137857    9.426987    0.001021
    2.140872    9.440370    0.001022
    2.143888    9.453746    0.001023
    2.146903    9.467115    0.001025
    2.149918    9.480479    0.001026
    2.152934    9.493852    0.001028
    2.155949    9.507228    0.001029
    2.158964    9.520609    0.001031
    2.161979    9.533992    0.001032
    2.164995    9.547371    0.001033
    2.168010    9.560758    0.001035
    2.171025    9.574138    0.001036
    2.174041    9.587509    0.001038
    2.177056    9.600887    0.001039
    2.180071    9.614271    0.001041
    2.183087    9.627653    0.001042
    2.186102    9.641030    0.001044
    2.189117    9.654406    0.001045
    2.192133    9.667781    0.001046
    2.195148    9.681160    0.001048
    2.198163    9.694549    0.001049
    2.201179    9.707949    0.001051
    2.204194    9.721337    0.001052
    2.207209    9.734734    0.001054
    2.210225    9.748125    0.001055
    2.213240    9.761514    0.001057
    2.216255    9.774893    0.001058
    2.219270    9.788260    0.001059
    2.222286    9.801623    0.001061
    2.225301    9.814989    0.001062
    2.228316    9.828345    0.001064
    2.231332    9.841696    0.001065
    2.234347    9.855047    0.001067
    2.237362    9.868400    0.001068
    2.240378    9.881762    0.001069
    2.243393    9.895113    0.001071
    2.246408    9.908463    0.001072
    2.249424    9.921810    0.001074
    2.252439    9.935149    0.001075
    2.255454    9.948485    0.001077
    2.258470    9.961815    0.001078
    2.261485    9.975142    0.001079
    2.264500    9.988476    0.001081
    2.267515   10.001800    0.001082
    2.270531   10.015111    0.001084
    2.273546   10.028426    0.001085
    2.276561   10.041745    0.001087
    2.279577   10.055053    0.001088
    2.282592   10.068360    0.001089
    2.285607   10.081672    0.001091
    2.288623   10.094980    0.001092
    2.291638   10.108277    0.001094
    2.294653   10.121579    0.001095
    2.297669   10.134879    0.001097
    2.300684   10.148180    0.001098
    2.303699   10.161478    0.001099
    2.306715   10.174773    0.001101
    2.309730   10.188072    0.001102
    2.312745   10.201351    0.001104
    2.315760   10.214626    0.001105
    2.318776   10.227897    0.001106
    2.321791   10.241163    0.001108
    2.324806   10.254446    0.001109
    2.327822   10.267730    0.001111
    2.330837   10.281019    0.001112
    2.333852   10.294309    0.001113
    2.336868   10.307607    0.001115
    2.339883   10.320913    0.001116
    2.342898   10.334225    0.001118
    2.345914   10.347536    0.001119
    2.348929   10.360851    0.001121
    2.351944   10.374158    0.001122
    2.354960   10.387459    0.001123
    2.357975   10.400765    0.001125
    2.360990   10.414071    0.001126
    2.364005   10.427382    0.001128
    2.367021   10.440681    0.001129
    2.370036   10.453980    0.001130
    2.373051   10.467271    0.001132
    2.376067   10.480580    0.001133
    2.379082   10.493871    0.001135
    2.382097   10.507154    0.001136
    2.385113   10.520439    0.001137
    2.388128   10.533720    0.001139
    2.391143   10.546991    0.001140
    2.394159   10.560270    0.001142
    2.397174   10.573550    0.001143
    2.400189   10.586834    0.001144
    2.403205   10.600126    0.001146
    2.406220   10.613407    0.001147
    2.409235   10.626704    0.001149
    2.412250   10.640011    0.001150
    2.415266   10.653317    0.001152
    2.418281   10.666618    0.001153
    2.421296   10.679918    0.001154
    2.424312   10.693207    0.001156
    2.427327   10.706504    0.001157
    2.430342   10.719800    0.001159
    2.433358   10.733110    0.001160
    2.436373   10.746425    0.001161
    2.439388   10.759736    0.001163
    2.442404   10.773031    0.001164
    2.445419   10.786332    0.001166
    2.448434   10.799631    0.001167
    2.451450   10.812936    0.001169
    2.454465   10.826236    0.001170
    2.457480   10.839531    0.001171
    2.460495   10.852820    0.001173
    2.463511   10.866102    0.001174
    2.466526   10.879381    0.001176
    2.469541   10.892665    0.001177
    2.472557   10.905938    0.001178
    2.475572   10.919205    0.001180
    2.478587   10.932478    0.001181
    2.481603   10.945765    0.001183
    2.484618   10.959050    0.001184
    2.487633   10.972339    0.001185
    2.490649   10.985624    0.001187
    2.493664   10.998910    0.001188
    2.496679   11.012194    0.001190
    2.499695   11.025471    0.001191
    2.502710   11.038744    0.001192
    2.505725   11.052016    0.001194
    2.508741   11.065287    0.001195
    2.511756   11.078562    0.001197
    2.514771   11.091823    0.001198
    2.517786   11.105088    0.001200
    2.520802   11.118359    0.001201
    2.523817   11.131629    0.001202
    2.526832   11.144893    0.001204
    2.529848   11.158155    0.001205
    2.532863   11.171417    0.001207
    2.535878   11.184685    0.001208
    2.538894   11.197964    0.001209
    2.541909   11.211237    0.001211
    2.544924   11.224494    0.001212
    2.547940   11.237747    0.001214
    2.550955   11.251004    0.001215
    2.553970   11.264259    0.001216
    2.556986   11.277511    0.001218
    2.560001   11.290756    0.001219
    2.563016   11.303997    0.001221
    2.566031   11.317238    0.001222
    2.569047   11.330487    0.001223
    2.572062   11.343721    0.001225
    2.575077   11.356949    0.001226
    2.578093   11.370171    0.001228
    2.581108   11.383392    0.001229
    2.584123   11.396610    0.001230
    2.587139   11.409824    0.001232
    2.590154   11.423042    0.001233
    2.593169   11.436270    0.001235
    2.596185   11.449507    0.001236
    2.599200   11.462748    0.001238
    2.602215   11.475988    0.001239
    2.605231   11.489209    0.001240
    2.608246   11.502440    0.001242
    2.611261   11.515673    0.001243
    2.614276   11.528911    0.001245
    2.617292   11.542150    0.001246
    2.620307   11.555380    0.001247
    2.623322   11.568601    0.001249
    2.626338   11.581818    0.001250
    2.629353   11.595038    0.001252
    2.632368   11.608260    0.001253
    2.635384   11.621486    0.001255
    2.638399   11.634717    0.001256
    2.641414   11.647958    0.001257
    2.644430   11.661206    0.001259
    2.647445   11.674441    0.001260
    2.650460   11.687688    0.001262
    2.653476   11.700929    0.001263
    2.656491   11.714178    0.001264
    2.659506   11.727437    0.001266
    2.662521   11.740694    0.001267
    2.665537   11.753948    0.001269
    2.668552   11.767210    0.001270
    2.671567   11.780479    0.001272
    2.674583   11.793747    0.001273
    2.677598   11.807014    0.001274
    2.680613   11.820284    0.001276
    2.683629   11.833554    0.001277
    2.686644   11.846829    0.001279
    2.689659   11.860103    0.001280
    2.692675   11.873381    0.001281
    2.695690   11.886657    0.001283
    2.698705   11.899933    0.001284
    2.701721   11.913220    0.001286
    2.704736   11.926508    0.001287
    2.707751   11.939798    0.001289
    2.710766   11.953085    0.001290
    2.713782   11.966375    0.001291
    2.716797   11.979657    0.001293
    2.719812   11.992943    0.001294
    2.722828   12.006228    0.001296
    2.725843   12.019508    0.001297
    2.728858   12.032778    0.001299
    2.731874   12.046041    0.001300
    2.734889   12.059308    0.001301
    2.737904   12.072585    0.001303
    2.740920   12.085868    0.001304
    2.743935   12.099141    0.001306
    2.746950   12.112420    0.001307
    2.749966   12.125702    0.001309
    2.752981   12.138980    0.001310
    2.755996   12.152261    0.001311
    2.759011   12.165539    0.001313
    2.762027   12.178810    0.001314
    2.765042   12.192083    0.001316
    2.768057   12.205360    0.001317
    2.771073   12.218636    0.001319
    2.774088   12.231907    0.001320
    2.777103   12.245181    0.001321
    2.780119   12.258451    0.001323
    2.783134   12.271725    0.001324
    2.786149   12.285000    0.001326
    2.789165   12.298261    0.001327
    2.792180   12.311522    0.001328
    2.795195   12.324792    0.001330
    2.798211   12.338062    0.001331
    2.801226   12.351328    0.001333
    2.804241   12.364595    0.001334
    2.807256   12.377851    0.001336
    2.810272   12.391104    0.001337
    2.813287   12.404356    0.001338
    2.816302   12.417602    0.001340
    2.819318   12.430849    0.001341
    2.822333   12.444113    0.001343
    2.825348   12.457365    0.001344
    2.828364   12.470616    0.001346
    2.831379   12.483863    0.001347
    2.834394   12.497104    0.001348
    2.837410   12.510349    0.001350
    2.840425   12.523587    0.001351
    2.843440   12.536818    0.001353
    2.846456   12.550046    0.001354
    2.849471   12.563276    0.001356
    2.852486   12.576506    0.001357
    2.855502   12.589736    0.001358
    2.858517   12.602976    0.001360
    2.861532   12.616215    0.001361
    2.864547   12.629447    0.001363
    2.867563   12.642679    0.001364
    2.870578   12.655917    0.001366
    2.873593   12.669167    0.001367
    2.876609   12.682424    0.001368
    2.879624   12.695685    0.001370
    2.882639   12.708935    0.001371
    2.885655   12.722185    0.001373
    2.888670   12.735446    0.001374
    2.891685   12.748709    0.001376
    2.894701   12.761977    0.001377
    2.897716   12.775247    0.001378
    2.900731   12.788509    0.001380
    2.903747   12.801760    0.001381
    2.906762   12.815011    0.001383
    2.909777   12.828262    0.001384
    2.912792   12.841524    0.001386
    2.915808   12.854782    0.001387
    2.918823   12.868042    0.001388
    2.921838   12.881303    0.001390
    2.924854   12.894579    0.001391
    2.927869   12.907847    0.001393
    2.930884   12.921110    0.001394
    2.933900   12.934383    0.001396
    2.936915   12.947641    0.001397
    2.939930   12.960905    0.001398
    2.942946   12.974168    0.001400
    2.945961   12.987427    0.001401
    2.948976   13.000672    0.001403
    2.951992   13.013920    0.001404
    2.955007   13.027163    0.001406
    2.958022   13.040404    0.001407
    2.961037   13.053630    0.001409
    2.964053   13.066862    0.001410
    2.967068   13.080091    0.001411
    2.970083   13.093315    0.001413
    2.973099   13.106526    0.001414
    2.976114   13.119751    0.001416
    2.979129   13.132993    0.001417
    2.982145   13.146231    0.001419
    2.985160   13.159468    0.001420
    2.988175   13.172707    0.001421
    2.991191   13.185936    0.001423
    2.994206   13.199159    0.001424
    2.997221   13.212378    0.001426
    3.000237   13.225604    0.001427
    3.003252   13.238820    0.001429
    3.006267   13.252039    0.001430
    3.009282   13.265263    0.001431
    3.012298   13.278491    0.001433
    3.015313   13.291719    0.001434
    3.018328   13.304946    0.001436
    3.021344   13.318184    0.001437
    3.024359   13.331414    0.001439
    3.027374   13.344639    0.001440
    3.030390   13.357859    0.001441
    3.033405   13.371059    0.001443
    3.036420   13.384244    0.001444
    3.039436   13.397433    0.001446
    3.042451   13.410631    0.001447
    3.045466   13.423815    0.001449
    3.048482   13.437004    0.001450
    3.051497   13.450197    0.001451
    3.054512   13.463382    0.001453
    3.057527   13.476574    0.001454
    3.060543   13.489765    0.001456
    3.063558   13.502959    0.001457
    3.066573   13.516149    0.001459
    3.069589   13.529348    0.001460
    3.072604   13.542563    0.001461
    3.075619   13.555763    0.001463
    3.078635   13.568958    0.001464
    3.081650   13.582166    0.001466
    3.084665   13.595365    0.001467
    3.087681   13.608560    0.001469
    3.090696   13.621752    0.001470
    3.093711   13.634947    0.001471
    3.096727   13.648139    0.001473
    3.099742   13.661335    0.001474
    3.102757   13.674536    0.001476
    3.105772   13.687731    0.001477
    3.108788   13.700914    0.001478
    3.111803   13.714097    0.001480
    3.114818   13.727288    0.001481
    3.117834   13.740471    0.001483
    3.120849   13.753658    0.001484
    3.123864   13.766847    0.001486
    3.126880   13.780018    0.001487
    3.129895   13.793186    0.001488
    3.132910   13.806359    0.001490
    3.135926   13.819528    0.001491
    3.138941   13.832700    0.001493
    3.141956   13.845885    0.001494
    3.144972   13.859067    0.001495
    3.147987   13.872252    0.001497
    3.151002   13.885446    0.001498
    3.154018   13.898638    0.001500
    3.157033   13.911825    0.001501
    3.160048   13.925007    0.001503
    3.163063   13.938198    0.001504
    3.166079   13.951387    0.001505
    3.169094   13.964575    0.001507
    3.172109   13.977771    0.001508
    3.175125   13.990967    0.001510
    3.178140   14.004158    0.001511
    3.181155   14.017347    0.001512
    3.184171   14.030541    0.001514
    3.187186   14.043732    0.001515
    3.190201   14.056925    0.001517
    3.193217   14.070126    0.001518
    3.196232   14.083333    0.001520
    3.199247   14.096526    0.001521
    3.202263   14.109732    0.001522
    3.205278   14.122943    0.001524
    3.208293   14.136147    0.001525
    3.211308   14.149350    0.001527
    3.214324   14.162544    0.001528
    3.217339   14.175730    0.001529
    3.220354   14.188904    0.001531
    3.223370   14.202071    0.001532
    3.226385   14.215238    0.001534
    3.229400   14.228409    0.001535
    3.232416   14.241581    0.001537
    3.235431   14.254752    0.001538
    3.238446   14.267930    0.001539
    3.241462   14.281107    0.001541
    3.244477   14.294288    0.001542
    3.247492   14.307464    0.001544
    3.250508   14.320650    0.001545
    3.253523   14.333834    0.001546
    3.256538   14.347018    0.001548
    3.259553   14.360200    0.001549
    3.262569   14.373382    0.001551
    3.265584   14.386561    0.001552
    3.268599   14.399743    0.001553
    3.271615   14.412937    0.001555
    3.274630   14.426126    0.001556
    3.277645   14.439322    0.001558
    3.280661   14.452518    0.001559
    3.283676   14.465705    0.001561
    3.286691   14.478903    0.001562
    3.289707   14.492094    0.001563
    3.292722   14.505290    0.001565
    3.295737   14.518487    0.001566
    3.298753   14.531688    0.001568
    3.301768   14.544884    0.001569
    3.304783   14.558083    0.001570
    3.307798   14.571277    0.001572
    3.310814   14.584480    0.001573
    3.313829   14.597671    0.001575
    3.316844   14.610852    0.001576
    3.319860   14.624048    0.001577
    3.322875   14.637237    0.001579
    3.325890   14.650425    0.001580
    3.328906   14.663612    0.001582
    3.331921   14.676803    0.001583
    3.334936   14.689982    0.001584
    3.337952   14.703161    0.001586
    3.340967   14.716330    0.001587
    3.343982   14.729507    0.001589
    3.346998   14.742685    0.001590
    3.350013   14.755852    0.001592
    3.353028   14.769014    0.001593
    3.356043   14.782177    0.001594
    3.359059   14.795344    0.001596
    3.362074   14.808508    0.001597
    3.365089   14.821683    0.001599
    3.368105   14.834849    0.001600
    3.371120   14.847998    0.001601
    3.374135   14.861160    0.001603
    3.377151   14.874321    0.001604
    3.380166   14.887490    0.001606
    3.383181   14.900651    0.001607
    3.386197   14.913815    0.001608
    3.389212   14.926972    0.001610
    3.392227   14.940126    0.001611
    3.395243   14.953281    0.001613
    3.398258   14.966447    0.001614
    3.401273   14.979615    0.001616
    3.404288   14.992781    0.001617
    3.407304   15.005941    0.001618
    3.410319   15.019095    0.001620
    3.413334   15.032259    0.001621
    3.416350   15.045431    0.001623
    3.419365   15.058593    0.001624
    3.422380   15.071746    0.001625
    3.425396   15.084897    0.001627
    3.428411   15.098038    0.001628
    3.431426   15.111174    0.001630
    3.434442   15.124334    0.001631
    3.437457   15.137501    0.001633
    3.440472   15.150660    0.001634
    3.443488   15.163818    0.001635
    3.446503   15.176983    0.001637
    3.449518   15.190153    0.001638
    3.452534   15.203321    0.001640
    3.455549   15.216486    0.001641
    3.458564   15.229656    0.001642
    3.461579   15.242832    0.001644
    3.464595   15.256001    0.001645
    3.467610   15.269177    0.001647
    3.470625   15.282349    0.001648
    3.473641   15.295519    0.001650
    3.476656   15.308673    0.001651
    3.479671   15.321837    0.001652
    3.482687   15.334994    0.001654
    3.485702   15.348145    0.001655
    3.488717   15.361309    0.001657
    3.491733   15.374465    0.001658
    3.494748   15.387628    0.001660
    3.497763   15.400788    0.001661
    3.500779   15.413942    0.001662
    3.503794   15.427099    0.001664
    3.506809   15.440261    0.001665
    3.509824   15.453426    0.001667
    3.512840   15.466573    0.001668
    3.515855   15.479721    0.001670
    3.518870   15.492878    0.001671
    3.521886   15.506036    0.001672
    3.524901   15.519191    0.001674
    3.527916   15.532352    0.001675
    3.530932   15.545512    0.001677
    3.533947   15.558665    0.001678
    3.536962   15.571811    0.001680
    3.539978   15.584945    0.001681
    3.542993   15.598086    0.001682
    3.546008   15.611223    0.001684
    3.549024   15.624365    0.001685
    3.552039   15.637493    0.001687
    3.555054   15.650613    0.001688
    3.558069   15.663735    0.001689
    3.561085   15.676851    0.001691
    3.564100   15.689966    0.001692
    3.567115   15.703099    0.001694
    3.570131   15.716237    0.001695
    3.573146   15.729376    0.001697
    3.576161   15.742520    0.001698
    3.579177   15.755651    0.001699
    3.582192   15.768774    0.001701
    3.585207   15.781886    0.001702
    3.588223   15.794997    0.001704
    3.591238   15.808114    0.001705
    3.594253   15.821240    0.001707
    3.597269   15.834348    0.001708
    3.600284   15.847468    0.001709
    3.603299   15.860592    0.001711
    3.606314   15.873722    0.001712
    3.609330   15.886850    0.001714
    3.612345   15.899980    0.001715
    3.615360   15.913112    0.001716
    3.618376   15.926236    0.001718
    3.621391   15.939355    0.001719
    3.624406   15.952481    0.001721
    3.627422   15.965623    0.001722
    3.630437   15.978752    0.001724
    3.633452   15.991880    0.001725
    3.636468   16.005000    0.001726
    3.639483   16.018129    0.001728
    3.642498   16.031256    0.001729
    3.645514   16.044386    0.001731
    3.648529   16.057514    0.001732
    3.651544   16.070630    0.001733
    3.654559   16.083751    0.001735
    3.657575   16.096882    0.001736
    3.660590   16.109998    0.001738
    3.663605   16.123123    0.001739
    3.666621   16.136244    0.001740
    3.669636   16.149362    0.001742
    3.672651   16.162479    0.001743
    3.675667   16.175588    0.001745
    3.678682   16.188703    0.001746
    3.681697   16.201819    0.001748
    3.684713   16.214930    0.001749
    3.687728   16.228040    0.001750
    3.690743   16.241160    0.001752
    3.693759   16.254287    0.001753
    3.696774   16.267415    0.001755
    3.699789   16.280548    0.001756
    3.702804   16.293682    0.001757
    3.705820   16.306809    0.001759
    3.708835   16.319940    0.001760
    3.711850   16.333076    0.001762
    3.714866   16.346202    0.001763
    3.717881   16.359317    0.001764
    3.720896   16.372431    0.001766
    3.723912   16.385548    0.001767
    3.726927   16.398662    0.001769
    3.729942   16.411775    0.001770
    3.732958   16.424894    0.001772
    3.735973   16.438009    0.001773
    3.738988   16.451132    0.001774
    3.742004   16.464257    0.001776
    3.745019   16.477383    0.001777
    3.748034   16.490521    0.001779
    3.751049   16.503663    0.001780
    3.754065   16.516792    0.001782
    3.757080   16.529934    0.001783
    3.760095   16.543075    0.001784
    3.763111   16.556210    0.001786
    3.766126   16.569339    0.001787
    3.769141   16.582469    0.001789
    3.772157   16.595612    0.001790
    3.775172   16.608752    0.001791
    3.778187   16.621901    0.001793
    3.781203   16.635060    0.001794
    3.784218   16.648201    0.001796
    3.787233   16.661339    0.001797
    3.790249   16.674485    0.001799
    3.793264   16.687635    0.001800
    3.796279   16.700777    0.001801
    3.799295   16.713925    0.001803
    3.802310   16.727066    0.001804
    3.805325   16.740202    0.001806
    3.808340   16.753339    0.001807
    3.811356   16.766464    0.001809
    3.814371   16.779580    0.001810
    3.817386   16.792693    0.001811
    3.820402   16.805813    0.001813
    3.823417   16.818930    0.001814
    3.826432   16.832055    0.001816
    3.829448   16.845183    0.001817
    3.832463   16.858316    0.001819
    3.835478   16.871451    0.001820
    3.838494   16.884583    0.001822
    3.841509   16.897713    0.001823
    3.844524   16.910841    0.001824
    3.847540   16.923969    0.001826
    3.850555   16.937103    0.001827
    3.853570   16.950239    0.001829
    3.856585   16.963362    0.001830
    3.859601   16.976472    0.001831
    3.862616   16.989576    0.001833
    3.865631   17.002683    0.001834
    3.868647   17.015781    0.001836
    3.871662   17.028884    0.001837
    3.874677   17.041980    0.001839
    3.877693   17.055066    0.001840
    3.880708   17.068137    0.001841
    3.883723   17.081217    0.001843
    3.886739   17.094309    0.001844
    3.889754   17.107391    0.001846
    3.892769   17.120475    0.001847
    3.895785   17.133553    0.001849
    3.898800   17.146632    0.001850
    3.901815   17.159716    0.001851
    3.904830   17.172803    0.001853
    3.907846   17.185893    0.001854
    3.910861   17.198981    0.001856
    3.913876   17.212061    0.001857
    3.916892   17.225142    0.001858
    3.919907   17.238229    0.001860
    3.922922   17.251315    0.001861
    3.925938   17.264399    0.001863
    3.928953   17.277483    0.001864
    3.931968   17.290567    0.001866
    3.934984   17.303655    0.001867
    3.937999   17.316743    0.001868
    3.941014   17.329832    0.001870
    3.944030   17.342935    0.001871
    3.947045   17.356036    0.001873
    3.950060   17.369135    0.001874
    3.953075   17.382242    0.001876
    3.956091   17.395358    0.001877
    3.959106   17.408473    0.001878
    3.962121   17.421581    0.001880
    3.965137   17.434688    0.001881
    3.968152   17.447806    0.001883
    3.971167   17.460931    0.001884
    3.974183   17.474056    0.001886
    3.977198   17.487181    0.001887
    3.980213   17.500289    0.001888
    3.983229   17.513404    0.001890
    3.986244   17.526518    0.001891
    3.989259   17.539649    0.001893
    3.992275   17.552788    0.001894
    3.995290   17.565922    0.001895
    3.998305   17.579063    0.001897
    4.001320   17.592203    0.001898
    4.004336   17.605346    0.001900
    4.007351   17.618478    0.001901
    4.010366   17.631607    0.001903
    4.013382   17.644730    0.001904
    4.016397   17.657855    0.001905
    4.019412   17.670981    0.001907
    4.022428   17.684101    0.001908
    4.025443   17.697218    0.001910
    4.028458   17.710331    0.001911
    4.031474   17.723435    0.001912
    4.034489   17.736537    0.001914
    4.037504   17.749648    0.001915
    4.040520   17.762756    0.001917
    4.043535   17.775878    0.001918
    4.046550   17.788984    0.001920
    4.049565   17.802094    0.001921
    4.052581   17.815202    0.001922
    4.055596   17.828315    0.001924
    4.058611   17.841424    0.001925
    4.061627   17.854522    0.001927
    4.064642   17.867608    0.001928
    4.067657   17.880689    0.001929
    4.070673   17.893764    0.001931
    4.073688   17.906841    0.001932
    4.076703   17.919911    0.001934
    4.079719   17.932984    0.001935
    4.082734   17.946058    0.001937
    4.085749   17.959117    0.001938
    4.088765   17.972179    0.001939
    4.091780   17.985240    0.001941
    4.094795   17.998298    0.001942
    4.097811   18.011354    0.001944
    4.100826   18.024408    0.001945
    4.103841   18.037466    0.001946
    4.106856   18.050527    0.001948
    4.109872   18.063586    0.001949
    4.112887   18.076647    0.001951
    4.115902   18.089708    0.001952
    4.118918   18.102765    0.001954
    4.121933   18.115828    0.001955
    4.124948   18.128894    0.001956
    4.127964   18.141960    0.001958
    4.130979   18.155017    0.001959
    4.133994   18.168080    0.001961
    4.137010   18.181143    0.001962
    4.140025   18.194202    0.001963
    4.143040   18.207270    0.001965
    4.146056   18.220359    0.001966
    4.149071   18.233457    0.001968
    4.152086   18.246556    0.001969
    4.155101   18.259650    0.001970
    4.158117   18.272729    0.001972
    4.161132   18.285803    0.001973
    4.164147   18.298879    0.001975
    4.167163   18.311954    0.001976
    4.170178   18.325030    0.001978
    4.173193   18.338107    0.001979
    4.176209   18.351189    0.001980
    4.179224   18.364282    0.001982
    4.182239   18.377366    0.001983
    4.185255   18.390452    0.001985
    4.188270   18.403533    0.001986
    4.191285   18.416618    0.001988
    4.194301   18.429703    0.001989
    4.197316   18.442795    0.001990
    4.200331   18.455889    0.001992
    4.203346   18.468976    0.001993
    4.206362   18.482077    0.001995
    4.209377   18.495188    0.001996
    4.212392   18.508304    0.001998
    4.215408   18.521419    0.001999
    4.218423   18.534547    0.002000
    4.221438   18.547670    0.002002
    4.224454   18.560789    0.002003
    4.227469   18.573914    0.002005
    4.230484   18.587036    0.002006
    4.233500   18.600156    0.002008
    4.236515   18.613280    0.002009
    4.239530   18.626393    0.002010
    4.242546   18.639497    0.002012
    4.245561   18.652602    0.002013
    4.248576   18.665696    0.002015
    4.251591   18.678784    0.002016
    4.254607   18.691874    0.002018
    4.257622   18.704953    0.002019
    4.260637   18.718043    0.002020
    4.263653   18.731123    0.002022
    4.266668   18.744200    0.002023
    4.269683   18.757276    0.002025
    4.272699   18.770352    0.002026
    4.275714   18.783425    0.002027
    4.278729   18.796502    0.002029
    4.281745   18.809584    0.002030
    4.284760   18.822676    0.002032
    4.287775   18.835773    0.002033
    4.290791   18.848884    0.002035
    4.293806   18.862011    0.002036
    4.296821   18.875127    0.002037
    4.299836   18.888242    0.002039
    4.302852   18.901357    0.002040
    4.305867   18.914474    0.002042
    4.308882   18.927587    0.002043
    4.311898   18.940697    0.002045
    4.314913   18.953806    0.002046
    4.317928   18.966924    0.002047
    4.320944   18.980037    0.002049
    4.323959   18.993161    0.002050
    4.326974   19.006291    0.002052
    4.329990   19.019418    0.002053
    4.333005   19.032549    0.002055
    4.336020   19.045689    0.002056
    4.339036   19.058817    0.002057
    4.342051   19.071941    0.002059
    4.345066   19.085069    0.002060
    4.348081   19.098183    0.002062
    4.351097   19.111292    0.002063
    4.354112   19.124405    0.002065
    4.357127   19.137518    0.002066
    4.360143   19.150625    0.002068
    4.363158   19.163734    0.002069
    4.366173   19.176833    0.002070
    4.369189   19.189927    0.002072
    4.372204   19.203018    0.002073
    4.375219   19.216103    0.002075
    4.378235   19.229200    0.002076
    4.381250   19.242295    0.002078
    4.384265   19.255394    0.002079
    4.387281   19.268496    0.002081
    4.390296   19.281596    0.002082
    4.393311   19.294692    0.002083
    4.396327   19.307782    0.002085
    4.399342   19.320887    0.002086
    4.402357   19.334003    0.002088
    4.405372   19.347131    0.002089
    4.408388   19.360255    0.002091
    4.411403   19.373387    0.002092
    4.414418   19.386521    0.002094
    4.417434   19.399658    0.002095
    4.420449   19.412790    0.002096
    4.423464   19.425914    0.002098
    4.426480   19.439045    0.002099
    4.429495   19.452175    0.002101
    4.432510   19.465300    0.002102
    4.435526   19.478423    0.002104
    4.438541   19.491550    0.002105
    4.441556   19.504672    0.002107
    4.444572   19.517805    0.002108
    4.447587   19.530939    0.002110
    4.450602   19.544079    0.002111
    4.453617   19.557201    0.002113
    4.456633   19.570328    0.002114
    4.459648   19.583455    0.002115
    4.462663   19.596568    0.002117
    4.465679   19.609681    0.002118
    4.468694   19.622794    0.002120
    4.471709   19.635904    0.002121
    4.474725   19.649004    0.002123
    4.477740   19.662117    0.002124
    4.480755   19.675244    0.002126
    4.483771   19.688366    0.002127
    4.486786   19.701481    0.002129
    4.489801   19.714596    0.002130
    4.492817   19.727706    0.002132
    4.495832   19.740829    0.002133
    4.498847   19.753949    0.002134
    4.501862   19.767062    0.002136
    4.504878   19.780160    0.002137
    4.507893   19.793254    0.002139
    4.510908   19.806350    0.002140
    4.513924   19.819447    0.002142
    4.516939   19.832545    0.002143
    4.519954   19.845634    0.002145
    4.522970   19.858725    0.002146
    4.525985   19.871821    0.002148
    4.529000   19.884911    0.002149
    4.532016   19.898008    0.002150
    4.535031   19.911107    0.002152
    4.538046   19.924195    0.002153
    4.541062   19.937279    0.002155
    4.544077   19.950356    0.002156
    4.547092   19.963445    0.002158
    4.550107   19.976538    0.002159
    4.553123   19.989632    0.002161
    4.556138   20.002718    0.002162
    4.559153   20.015802    0.002164
    4.562169   20.028887    0.002165
    4.565184   20.041987    0.002166
    4.568199   20.055083    0.002168
    4.571215   20.068173    0.002169
    4.574230   20.081267    0.002171
    4.577245   20.094356    0.002172
    4.580261   20.107440    0.002174
    4.583276   20.120529    0.002175
    4.586291   20.133619    0.002177
    4.589307   20.146716    0.002178
    4.592322   20.159798    0.002180
    4.595337   20.172878    0.002181
    4.598352   20.185958    0.002183
    4.601368   20.199047    0.002184
    4.604383   20.212141    0.002186
    4.607398   20.225241    0.002187
    4.610414   20.238346    0.002189
    4.613429   20.251464    0.002190
    4.616444   20.264578    0.002191
    4.619460   20.277700    0.002193
    4.622475   20.290827    0.002194
    4.625490   20.303959    0.002196
    4.628506   20.317077    0.002197
    4.631521   20.330194    0.002199
    4.634536   20.343312    0.002200
    4.637552   20.356436    0.002202
    4.640567   20.369561    0.002203
    4.643582   20.382694    0.002205
    4.646597   20.395817    0.002206
    4.649613   20.408939    0.002208
    4.652628   20.422062    0.002209
    4.655643   20.435183    0.002211
    4.658659   20.448301    0.002212
    4.661674   20.461423    0.002214
    4.664689   20.474537    0.002215
    4.667705   20.487636    0.002217
    4.670720   20.500730    0.002218
    4.673735   20.513827    0.002219
    4.676751   20.526937    0.002221
    4.679766   20.540028    0.002222
    4.682781   20.553131    0.002224
    4.685797   20.566236    0.002225
    4.688812   20.579345    0.002227
    4.691827   20.592464    0.002228
    4.694843   20.605579    0.002230
    4.697858   20.618702    0.002231
    4.700873   20.631834    0.002233
    4.703888   20.644968    0.002234
    4.706904   20.658092    0.002236
    4.709919   20.671200    0.002237
    4.712934   20.684318    0.002239
    4.715950   20.697443    0.002240
    4.718965   20.710558    0.002241
    4.721980   20.723676    0.002243
    4.724996   20.736786    0.002244
    4.728011   20.749896    0.002246
    4.731026   20.763010    0.002247
    4.734042   20.776118    0.002249
    4.737057   20.789220    0.002250
    4.740072   20.802316    0.002252
    4.743088   20.815411    0.002253
    4.746103   20.828506    0.002255
    4.749118   20.841591    0.002256
    4.752133   20.854689    0.002257
    4.755149   20.867795    0.002259
    4.758164   20.880896    0.002260
    4.761179   20.894005    0.002262
    4.764195   20.907119    0.002263
    4.767210   20.920244    0.002265
    4.770225   20.933362    0.002266
    4.773241   20.946484    0.002268
    4.776256   20.959602    0.002269
    4.779271   20.972713    0.002271
    4.782287   20.985824    0.002272
    4.785302   20.998935    0.002274
    4.788317   21.012046    0.002275
    4.791333   21.025159    0.002276
    4.794348   21.038282    0.002278
    4.797363   21.051408    0.002279
    4.800378   21.064539    0.002281
    4.803394   21.077655    0.002282
    4.806409   21.090766    0.002284
    4.809424   21.103882    0.002285
    4.812440   21.117003    0.002287
    4.815455   21.130122    0.002288
    4.818470   21.143232    0.002289
    4.821486   21.156327    0.002291
    4.824501   21.169424    0.002292
    4.827516   21.182518    0.002294
    4.830532   21.195617    0.002295
    4.833547   21.208713    0.002297
    4.836562   21.221807    0.002298
    4.839578   21.234898    0.002300
    4.842593   21.247993    0.002301
    4.845608   21.261080    0.002302
    4.848623   21.274174    0.002304
    4.851639   21.287268    0.002305
    4.854654   21.300364    0.002307
    4.857669   21.313466    0.002308
    4.860685   21.326585    0.002310
    4.863700   21.339712    0.002311
    4.866715   21.352839    0.002313
    4.869731   21.365976    0.002314
    4.872746   21.379096    0.002315
    4.875761   21.392213    0.002317
    4.878777   21.405324    0.002318
    4.881792   21.418423    0.002320
    4.884807   21.431525    0.002321
    4.887823   21.444625    0.002323
    4.890838   21.457739    0.002324
    4.893853   21.470844    0.002326
    4.896868   21.483946    0.002327
    4.899884   21.497046    0.002328
    4.902899   21.510154    0.002330
    4.905914   21.523263    0.002331
    4.908930   21.536377    0.002333
    4.911945   21.549489    0.002334
    4.914960   21.562594    0.002336
    4.917976   21.575696    0.002337
    4.920991   21.588802    0.002339
    4.924006   21.601925    0.002340
    4.927022   21.615042    0.002341
    4.930037   21.628156    0.002343
    4.933052   21.641278    0.002344
    4.936068   21.654385    0.002346
    4.939083   21.667486    0.002347
    4.942098   21.680600    0.002349
    4.945113   21.693724    0.002350
    4.948129   21.706843    0.002351
    4.951144   21.719973    0.002353
    4.954159   21.733108    0.002354
    4.957175   21.746237    0.002356
    4.960190   21.759380    0.002357
    4.963205   21.772517    0.002359
    4.966221   21.785658    0.002360
    4.969236   21.798796    0.002362
    4.972251   21.811937    0.002363
    4.975267   21.825075    0.002364
    4.978282   21.838227    0.002366
    4.981297   21.851376    0.002367
    4.984313   21.864518    0.002369
    4.987328   21.877660    0.002370
    4.990343   21.890800    0.002372
    4.993358   21.903949    0.002373
    4.996374   21.917092    0.002375
    4.999389   21.930240    0.002376
    5.002404   21.943369    0.002377
    5.005420   21.956502    0.002379
    5.008435   21.969633    0.002380
    5.011450   21.982758    0.002382
    5.014466   21.995893    0.002383
    5.017481   22.009035    0.002385
    5.020496   22.022182    0.002386
    5.023512   22.035328    0.002387
    5.026527   22.048479    0.002389
    5.029542   22.061628    0.002390
    5.032558   22.074776    0.002392
    5.035573   22.087917    0.002393
    5.038588   22.101053    0.002395
    5.041604   22.114190    0.002396
    5.044619   22.127331    0.002398
    5.047634   22.140463    0.002399
    5.050649   22.153592    0.002400
    5.053665   22.166731    0.002402
    5.056680   22.179863    0.002403
    5.059695   22.192986    0.002405
    5.062711   22.206105    0.002406
    5.065726   22.219220    0.002408
    5.068741   22.232332    0.002409
    5.071757   22.245438    0.002411
    5.074772   22.258535    0.002412
    5.077787   22.271631    0.002413
    5.080803   22.284719    0.002415
    5.083818   22.297806    0.002416
    5.086833   22.310901    0.002418
    5.089849   22.323993    0.002419
    5.092864   22.337078    0.002421
    5.095879   22.350176    0.002422
    5.098894   22.363274    0.002424
    5.101910   22.376383    0.002425
    5.104925   22.389473    0.002427
    5.107940   22.402573    0.002428
    5.110956   22.415693    0.002429
    5.113971   22.428799    0.002431
    5.116986   22.441896    0.002432
    5.120002   22.454999    0.002434
    5.123017   22.468098    0.002435
    5.126032   22.481203    0.002437
    5.129048   22.494308    0.002438
    5.132063   22.507411    0.002440
    5.135078   22.520516    0.002441
    5.138094   22.533612    0.002442
    5.141109   22.546715    0.002444
    5.144124   22.559822    0.002445
    5.147139   22.572909    0.002447
    5.150155   22.586003    0.002448
    5.153170   22.599100    0.002450
    5.156185   22.612196    0.002451
    5.159201   22.625289    0.002453
    5.162216   22.638381    0.002454
    5.165231   22.651478    0.002456
    5.168247   22.664575    0.002457
    5.171262   22.677670    0.002458
    5.174277   22.690773    0.002460
    5.177293   22.703867    0.002461
    5.180308   22.716953    0.002463
    5.183323   22.730040    0.002464
    5.186339   22.743126    0.002466
    5.189354   22.756214    0.002467
    5.192369   22.769302    0.002469
    5.195384   22.782385    0.002470
    5.198400   22.795473    0.002472
    5.201415   22.808561    0.002473
    5.204430   22.821655    0.002474
    5.207446   22.834743    0.002476
    5.210461   22.847835    0.002477
    5.213476   22.860932    0.002479
    5.216492   22.874045    0.002480
    5.219507   22.887151    0.002482
    5.222522   22.900257    0.002483
    5.225538   22.913337    0.002485
    5.228553   22.926407    0.002486
    5.231568   22.939475    0.002487
    5.234584   22.952530    0.002489
    5.237599   22.965586    0.002490
    5.240614   22.978638    0.002492
    5.243629   22.991700    0.002493
    5.246645   23.004762    0.002495
    5.249660   23.017815    0.002496
    5.252675   23.030864    0.002498
    5.255691   23.043914    0.002499
    5.258706   23.056963    0.002501
    5.261721   23.070001    0.002502
    5.264737   23.083050    0.002504
    5.267752   23.096092    0.002505
    5.270767   23.109135    0.002506
    5.273783   23.122174    0.002508
    5.276798   23.135222    0.002509
    5.279813   23.148276    0.002511
    5.282829   23.161321    0.002512
    5.285844   23.174361    0.002514
    5.288859   23.187401    0.002515
    5.291874   23.200438    0.002517
    5.294890   23.213471    0.002518
    5.297905   23.226495    0.002520
    5.300920   23.239531    0.002521
    5.303936   23.252561    0.002522
    5.306951   23.265592    0.002524
    5.309966   23.278633    0.002525
    5.312982   23.291675    0.002527
    5.315997   23.304715    0.002528
    5.319012   23.317750    0.002530
    5.322028   23.330787    0.002531
    5.325043   23.343832    0.002533
    5.328058   23.356861    0.002534
    5.331074   23.369893    0.002535
    5.334089   23.382927    0.002537
    5.337104   23.395959    0.002538
    5.340120   23.408996    0.002540
    5.343135   23.422044    0.002541
    5.346150   23.435083    0.002543
    5.349165   23.448114    0.002544
    5.352181   23.461139    0.002546
    5.355196   23.474177    0.002547
    5.358211   23.487235    0.002548
    5.361227   23.500283    0.002550
    5.364242   23.513319    0.002551
    5.367257   23.526354    0.002553
    5.370273   23.539401    0.002554
    5.373288   23.552435    0.002556
    5.376303   23.565465    0.002557
    5.379319   23.578499    0.002559
    5.382334   23.591535    0.002560
    5.385349   23.604575    0.002562
    5.388365   23.617614    0.002563
    5.391380   23.630659    0.002565
    5.394395   23.643703    0.002566
    5.397410   23.656753    0.002567
    5.400426   23.669803    0.002569
    5.403441   23.682858    0.002570
    5.406456   23.695914    0.002572
    5.409472   23.708976    0.002573
    5.412487   23.722037    0.002575
    5.415502   23.735100    0.002576
    5.418518   23.748163    0.002578
    5.421533   23.761232    0.002579
    5.424548   23.774303    0.002581
    5.427564   23.787374    0.002582
    5.430579   23.800451    0.002583
    5.433594   23.813526    0.002585
    5.436610   23.826607    0.002586
    5.439625   23.839690    0.002588
    5.442640   23.852765    0.002589
    5.445655   23.865838    0.002591
    5.448671   23.878898    0.002592
    5.451686   23.891961    0.002594
    5.454701   23.905018    0.002595
    5.457717   23.918064    0.002597
    5.460732   23.931120    0.002598
    5.463747   23.944190    0.002600
    5.466763   23.957277    0.002601
    5.469778   23.970350    0.002602
    5.472793   23.983418    0.002604
    5.475809   23.996472    0.002605
    5.478824   24.009528    0.002607
    5.481839   24.022573    0.002608
    5.484855   24.035627    0.002610
    5.487870   24.048691    0.002611
    5.490885   24.061755    0.002613
    5.493900   24.074800    0.002614
    5.496916   24.087856    0.002616
    5.499931   24.100896    0.002617
    5.502946   24.113935    0.002619
    5.505962   24.126986    0.002620
    5.508977   24.140041    0.002622
    5.511992   24.153097    0.002623
    5.515008   24.166141    0.002625
    5.518023   24.179188    0.002626
    5.521038   24.192232    0.002627
    5.524054   24.205278    0.002629
    5.527069   24.218329    0.002630
    5.530084   24.231385    0.002632
    5.533100   24.244441    0.002633
    5.536115   24.257499    0.002635
    5.539130   24.270549    0.002636
    5.542145   24.283608    0.002638
    5.545161   24.296673    0.002639
    5.548176   24.309735    0.002641
    5.551191   24.322789    0.002642
    5.554207   24.335846    0.002644
    5.557222   24.348905    0.002645
    5.560237   24.361955    0.002647
    5.563253   24.375007    0.002648
    5.566268   24.388057    0.002650
    5.569283   24.401109    0.002651
    5.572299   24.414143    0.002653
    5.575314   24.427176    0.002654
    5.578329   24.440212    0.002655
    5.581345   24.453263    0.002657
    5.584360   24.466301    0.002658
    5.587375   24.479335    0.002660
    5.590390   24.492365    0.002661
    5.593406   24.505407    0.002663
    5.596421   24.518453    0.002664
    5.599436   24.531498    0.002666
    5.602452   24.544550    0.002667
    5.605467   24.557600    0.002669
    5.608482   24.570655    0.002670
    5.611498   24.583708    0.002672
    5.614513   24.596768    0.002673
    5.617528   24.609821    0.002675
    5.620544   24.622865    0.002676
    5.623559   24.635917    0.002678
    5.626574   24.648960    0.002679
    5.629590   24.662019    0.002680
    5.632605   24.675079    0.002682
    5.635620   24.688135    0.002683
    5.638636   24.701190    0.002685
    5.641651   24.714252    0.002686
    5.644666   24.727319    0.002688
    5.647681   24.740383    0.002689
    5.650697   24.753447    0.002691
    5.653712   24.766504    0.002692
    5.656727   24.779564    0.002694
    5.659743   24.792624    0.002695
    5.662758   24.805682    0.002697
    5.665773   24.818742    0.002698
    5.668789   24.831800    0.002700
    5.671804   24.844855    0.002701
    5.674819   24.857904    0.002703
    5.677835   24.870967    0.002704
    5.680850   24.884037    0.002706
    5.683865   24.897099    0.002707
    5.686881   24.910161    0.002709
    5.689896   24.923229    0.002710
    5.692911   24.936303    0.002712
    5.695926   24.949375    0.002713
    5.698942   24.962437    0.002715
    5.701957   24.975494    0.002716
    5.704972   24.988547    0.002717
    5.707988   25.001597    0.002719
    5.711003   25.014647    0.002720
    5.714018   25.027698    0.002722
    5.717034   25.040748    0.002723
    5.720049   25.053803    0.002725
    5.723064   25.066869    0.002726
    5.726080   25.079933    0.002728
    5.729095   25.092985    0.002729
    5.732110   25.106036    0.002731
    5.735126   25.119092    0.002732
    5.738141   25.132160    0.002734
    5.741156   25.145224    0.002735
    5.744171   25.158291    0.002737
    5.747187   25.171371    0.002738
    5.750202   25.184440    0.002740
    5.753217   25.197495    0.002741
    5.756233   25.210550    0.002743
    5.759248   25.223600    0.002744
    5.762263   25.236656    0.002746
    5.765279   25.249694    0.002747
    5.768294   25.262747    0.002749
    5.771309   25.275803    0.002750
    5.774325   25.288865    0.002751
    5.777340   25.301918    0.002753
    5.780355   25.314968    0.002754
    5.783371   25.328022    0.002756
    5.786386   25.341079    0.002757
    5.789401   25.354134    0.002759
    5.792416   25.367196    0.002760
    5.795432   25.380263    0.002762
    5.798447   25.393336    0.002763
    5.801462   25.406415    0.002765
    5.804478   25.419504    0.002766
    5.807493   25.432609    0.002768
    5.810508   25.445725    0.002769
    5.813524   25.458861    0.002771
    5.816539   25.471982    0.002772
    5.819554   25.485098    0.002774
    5.822570   25.498221    0.002775
    5.825585   25.511350    0.002777
    5.828600   25.524478    0.002778
    5.831616   25.537609    0.002780
    5.834631   25.550743    0.002781
    5.837646   25.563884    0.002783
    5.840661   25.577024    0.002784
    5.843677   25.590160    0.002786
    5.846692   25.603298    0.002787
    5.849707   25.616443    0.002789
    5.852723   25.629577    0.002790
    5.855738   25.642715    0.002792
    5.858753   25.655868    0.002793
    5.861769   25.669024    0.002795
    5.864784   25.682184    0.002796
    5.867799   25.695351    0.002798
    5.870815   25.708519    0.002799
    5.873830   25.721678    0.002801
    5.876845   25.734824    0.002802
    5.879861   25.747972    0.002804
    5.882876   25.761119    0.002805
    5.885891   25.774264    0.002807
    5.888906   25.787407    0.002808
    5.891922   25.800554    0.002810
    5.894937   25.813714    0.002811
    5.897952   25.826875    0.002813
    5.900968   25.840040    0.002814
    5.903983   25.853203    0.002816
    5.906998   25.866350    0.002817
    5.910014   25.879501    0.002819
    5.913029   25.892642    0.002820
    5.916044   25.905789    0.002822
    5.919060   25.918952    0.002823
    5.922075   25.932113    0.002825
    5.925090   25.945286    0.002826
    5.928106   25.958460    0.002828
    5.931121   25.971648    0.002829
    5.934136   25.984835    0.002831
    5.937151   25.998011    0.002832
    5.940167   26.011193    0.002834
    5.943182   26.024381    0.002835
    5.946197   26.037557    0.002837
    5.949213   26.050725    0.002838
    5.952228   26.063893    0.002840
    5.955243   26.077062    0.002841
    5.958259   26.090241    0.002843
    5.961274   26.103422    0.002844
    5.964289   26.116595    0.002846
    5.967305   26.129774    0.002847
    5.970320   26.142939    0.002849
    5.973335   26.156108    0.002850
    5.976351   26.169283    0.002852
    5.979366   26.182471    0.002853
    5.982381   26.195661    0.002855
    5.985397   26.208848    0.002856
    5.988412   26.222018    0.002858
    5.991427   26.235202    0.002859
    5.994442   26.248393    0.002861
    5.997458   26.261590    0.002862
    6.000473   26.274790    0.002864
    6.003488   26.287995    0.002865
    6.006504   26.301206    0.002867
    6.009519   26.314423    0.002868
    6.012534   26.327642    0.002870
    6.015550   26.340862    0.002871
    6.018565   26.354087    0.002873
    6.021580   26.367299    0.002874
    6.024596   26.380512    0.002876
    6.027611   26.393711    0.002878
    6.030626   26.406907    0.002879
    6.033642   26.420115    0.002881
    6.036657   26.433322    0.002882
    6.039672   26.446531    0.002884
    6.042687   26.459734    0.002885
    6.045703   26.472945    0.002887
    6.048718   26.486147    0.002888
    6.051733   26.499359    0.002890
    6.054749   26.512560    0.002891
    6.057764   26.525755    0.002893
    6.060779   26.538950    0.002894
    6.063795   26.552146    0.002896
    6.066810   26.565327    0.002897
    6.069825   26.578507    0.002899
    6.072841   26.591696    0.002900
    6.075856   26.604904    0.002902
    6.078871   26.618122    0.002903
    6.081887   26.631332    0.002905
    6.084902   26.644536    0.002906
    6.087917   26.657753    0.002908
    6.090932   26.670974    0.002909
    6.093948   26.684200    0.002911
    6.096963   26.697420    0.002912
    6.099978   26.710633    0.002914
    6.102994   26.723843    0.002916
    6.106009   26.737056    0.002917
    6.109024   26.750273    0.002919
    6.112040   26.763501    0.002920
    6.115055   26.776726    0.002922
    6.118070   26.789956    0.002923
    6.121086   26.803192    0.002925
    6.124101   26.816441    0.002926
    6.127116   26.829696    0.002928
    6.130132   26.842951    0.002929
    6.133147   26.856222    0.002931
    6.136162   26.869499    0.002932
    6.139177   26.882780    0.002934
    6.142193   26.896068    0.002935
    6.145208   26.909353    0.002937
    6.148223   26.922647    0.002938
    6.151239   26.935957    0.002940
    6.154254   26.949260    0.002941
    6.157269   26.962571    0.002943
    6.160285   26.975876    0.002944
    6.163300   26.989181    0.002946
    6.166315   27.002481    0.002947
    6.169331   27.015789    0.002949
    6.172346   27.029096    0.002950
    6.175361   27.042400    0.002952
    6.178377   27.055703    0.002953
    6.181392   27.069010    0.002955
    6.184407   27.082326    0.002957
    6.187422   27.095629    0.002958
    6.190438   27.108936    0.002960
    6.193453   27.122242    0.002961
    6.196468   27.135556    0.002963
    6.199484   27.148872    0.002964
    6.202499   27.162188    0.002966
    6.205514   27.175511    0.002967
    6.208530   27.188823    0.002969
    6.211545   27.202129    0.002970
    6.214560   27.215432    0.002972
    6.217576   27.228740    0.002973
    6.220591   27.242041    0.002975
    6.223606   27.255346    0.002976
    6.226622   27.268660    0.002978
    6.229637   27.281979    0.002979
    6.232652   27.295306    0.002981
    6.235667   27.308635    0.002982
    6.238683   27.321958    0.002984
    6.241698   27.335287    0.002986
    6.244713   27.348611    0.002987
    6.247729   27.361940    0.002989
    6.250744   27.375281    0.002990
    6.253759   27.388629    0.002992
    6.256775   27.401978    0.002993
    6.259790   27.415332    0.002995
    6.262805   27.428685    0.002996
    6.265821   27.442044    0.002998
    6.268836   27.455391    0.002999
    6.271851   27.468732    0.003001
    6.274867   27.482081    0.003002
    6.277882   27.495422    0.003004
    6.280897   27.508766    0.003005
    6.283913   27.522123    0.003007
    6.286928   27.535482    0.003008
    6.289943   27.548850    0.003010
    6.292958   27.562220    0.003011
    6.295974   27.575588    0.003013
    6.298989   27.588971    0.003015
    6.302004   27.602354    0.003016
    6.305020   27.615740    0.003018
    6.308035   27.629120    0.003019
    6.311050   27.642518    0.003021
    6.314066   27.655915    0.003022
    6.317081   27.669325    0.003024
    6.320096   27.682735    0.003025
    6.323112   27.696145    0.003027
    6.326127   27.709571    0.003028
    6.329142   27.722998    0.003030
    6.332158   27.736419    0.003031
    6.335173   27.749839    0.003033
    6.338188   27.763257    0.003034
    6.341203   27.776673    0.003036
    6.344219   27.790091    0.003038
    6.347234   27.803497    0.003039
    6.350249   27.816904    0.003041
    6.353265   27.830316    0.003042
    6.356280   27.843732    0.003044
    6.359295   27.857146    0.003045
