    0.003015    0.015529    0.000002
    0.006031    0.029509    0.000003
    0.009046    0.042944    0.000005
    0.012061    0.056152    0.000006
    0.015077    0.069257    0.000008
    0.018092    0.082311    0.000009
    0.021107    0.095339    0.000011
    0.024123    0.108360    0.000012
    0.027138    0.121367    0.000013
    0.030153    0.134373    0.000015
    0.033168    0.147371    0.000016
    0.036184    0.160371    0.000018
    0.039199    0.173353    0.000019
    0.042214    0.186341    0.000021
    0.045230    0.199331    0.000022
    0.048245    0.212305    0.000024
    0.051260    0.225277    0.000025
    0.054276    0.238252    0.000026
    0.057291    0.251214    0.000028
    0.060306    0.264178    0.000029
    0.063322    0.277135    0.000031
    0.066337    0.290078    0.000032
    0.069352    0.303021    0.000034
    0.072368    0.315978    0.000035
    0.075383    0.328935    0.000036
    0.078398    0.341892    0.000038
    0.081413    0.354853    0.000039
    0.084429    0.367826    0.000041
    0.087444    0.380802    0.000042
    0.090459    0.393782    0.000043
    0.093475    0.406753    0.000045
    0.096490    0.419730    0.000046
    0.099505    0.432703    0.000048
    0.102521    0.445662    0.000049
    0.105536    0.458629    0.000051
    0.108551    0.471603    0.000052
    0.111567    0.484570    0.000053
    0.114582    0.497540    0.000055
    0.117597    0.510503    0.000056
    0.120613    0.523458    0.000058
    0.123628    0.536417    0.000059
    0.126643    0.549385    0.000060
    0.129658    0.562352    0.000062
    0.132674    0.575316    0.000063
    0.135689    0.588274    0.000065
    0.138704    0.601226    0.000066
    0.141720    0.614189    0.000067
    0.144735    0.627151    0.000069
    0.147750    0.640106    0.000070
    0.150766    0.653059    0.000072
    0.153781    0.666004    0.000073
    0.156796    0.678954    0.000074
    0.159812    0.691899    0.000076
    0.162827    0.704855    0.000077
    0.165842    0.717799    0.000079
    0.168858    0.730733    0.000080
    0.171873    0.743686    0.000081
    0.174888    0.756633    0.000083
    0.177903    0.769578    0.000084
    0.180919    0.782533    0.000086
    0.183934    0.795477    0.000087
    0.186949    0.808440    0.000088
    0.189965    0.821394    0.000090
    0.192980    0.834350    0.000091
    0.195995    0.847311    0.000093
    0.199011    0.860273    0.000094
    0.202026    0.873242    0.000095
    0.205041    0.886220    0.000097
    0.208057    0.899210    0.000098
    0.211072    0.912202    0.000100
    0.214087    0.925187    0.000101
    0.217103    0.938164    0.000102
    0.220118    0.951132    0.000104
    0.223133    0.964109    0.000105
    0.226148    0.977089    0.000107
    0.229164    0.990077    0.000108
    0.232179    1.003069    0.000109
    0.235194    1.016056    0.000111
    0.238210    1.029051    0.000112
    0.241225    1.042047    0.000113
    0.244240    1.055034    0.000115
    0.247256    1.068008    0.000116
    0.250271    1.080977    0.000118
    0.253286    1.093948    0.000119
    0.256302    1.106923    0.000120
    0.259317    1.119902    0.000122
    0.262332    1.132880    0.000123
    0.265348    1.145854    0.000125
    0.268363    1.158820    0.000126
    0.271378    1.171800    0.000127
    0.274393    1.184777    0.000129
    0.277409    1.197749    0.000130
    0.280424    1.210723    0.000132
    0.283439    1.223699    0.000133
    0.286455    1.236691    0.000134
    0.289470    1.249685    0.000136
    0.292485    1.262670    0.000137
    0.295501    1.275661    0.000138
    0.298516    1.288654    0.000140
    0.301531    1.301653    0.000141
    0.304547    1.314658    0.000143
    0.307562    1.327661    0.000144
    0.310577    1.340659    0.000145
    0.313593    1.353647    0.000147
    0.316608    1.366644    0.000148
    0.319623    1.379640    0.000150
    0.322639    1.392631    0.000151
    0.325654    1.405623    0.000152
    0.328669    1.418621    0.000154
    0.331684    1.431620    0.000155
    0.334700    1.444634    0.000157
    0.337715    1.457634    0.000158
    0.340730    1.470637    0.000159
    0.343746    1.483645    0.000161
    0.346761    1.496640    0.000162
    0.349776    1.509646    0.000164
    0.352792    1.522659    0.000165
    0.355807    1.535672    0.000166
    0.358822    1.548684    0.000168
    0.361838    1.561687    0.000169
    0.364853    1.574686    0.000170
    0.367868    1.587678    0.000172
    0.370884    1.600682    0.000173
    0.373899    1.613683    0.000175
    0.376914    1.626683    0.000176
    0.379929    1.639686    0.000177
    0.382945    1.652703    0.000179
    0.385960    1.665723    0.000180
    0.388975    1.678747    0.000182
    0.391991    1.691772    0.000183
    0.395006    1.704803    0.000184
    0.398021    1.717830    0.000186
    0.401037    1.730861    0.000187
    0.404052    1.743897    0.000189
    0.407067    1.756920    0.000190
    0.410083    1.769945    0.000191
    0.413098    1.782971    0.000193
    0.416113    1.795993    0.000194
    0.419129    1.809002    0.000196
    0.422144    1.822019    0.000197
    0.425159    1.835035    0.000198
    0.428174    1.848038    0.000200
    0.431190    1.861047    0.000201
    0.434205    1.874056    0.000202
    0.437220    1.887070    0.000204
    0.440236    1.900079    0.000205
    0.443251    1.913084    0.000207
    0.446266    1.926089    0.000208
    0.449282    1.939090    0.000209
    0.452297    1.952097    0.000211
    0.455312    1.965122    0.000212
    0.458328    1.978139    0.000214
    0.461343    1.991144    0.000215
    0.464358    2.004140    0.000216
    0.467374    2.017144    0.000218
    0.470389    2.030153    0.000219
    0.473404    2.043163    0.000221
    0.476419    2.056168    0.000222
    0.479435    2.069167    0.000223
    0.482450    2.082170    0.000225
    0.485465    2.095174    0.000226
    0.488481    2.108171    0.000228
    0.491496    2.121177    0.000229
    0.494511    2.134203    0.000230
    0.497527    2.147223    0.000232
    0.500542    2.160246    0.000233
    0.503557    2.173258    0.000235
    0.506573    2.186269    0.000236
    0.509588    2.199286    0.000237
    0.512603    2.212304    0.000239
    0.515619    2.225325    0.000240
    0.518634    2.238340    0.000242
    0.521649    2.251353    0.000243
    0.524664    2.264366    0.000244
    0.527680    2.277374    0.000246
    0.530695    2.290381    0.000247
    0.533710    2.303398    0.000249
    0.536726    2.316415    0.000250
    0.539741    2.329431    0.000251
    0.542756    2.342444    0.000253
    0.545772    2.355441    0.000254
    0.548787    2.368424    0.000256
    0.551802    2.381418    0.000257
    0.554818    2.394417    0.000258
    0.557833    2.407426    0.000260
    0.560848    2.420440    0.000261
    0.563864    2.433459    0.000262
    0.566879    2.446486    0.000264
    0.569894    2.459521    0.000265
    0.572909    2.472559    0.000267
    0.575925    2.485596    0.000268
    0.578940    2.498627    0.000269
    0.581955    2.511674    0.000271
    0.584971    2.524707    0.000272
    0.587986    2.537746    0.000274
    0.591001    2.550798    0.000275
    0.594017    2.563848    0.000276
    0.597032    2.576898    0.000278
    0.600047    2.589949    0.000279
    0.603063    2.602995    0.000280
    0.606078    2.616035    0.000282
    0.609093    2.629087    0.000283
    0.612109    2.642139    0.000285
    0.615124    2.655197    0.000286
    0.618139    2.668267    0.000287
    0.621154    2.681338    0.000289
    0.624170    2.694405    0.000290
    0.627185    2.707478    0.000292
    0.630200    2.720536    0.000293
    0.633216    2.733597    0.000294
    0.636231    2.746660    0.000296
    0.639246    2.759726    0.000297
    0.642262    2.772789    0.000299
    0.645277    2.785855    0.000300
    0.648292    2.798912    0.000301
    0.651308    2.811958    0.000303
    0.654323    2.825006    0.000304
    0.657338    2.838059    0.000305
    0.660354    2.851111    0.000307
    0.663369    2.864157    0.000308
    0.666384    2.877198    0.000310
    0.669400    2.890239    0.000311
    0.672415    2.903278    0.000312
    0.675430    2.916312    0.000314
    0.678445    2.929343    0.000315
    0.681461    2.942375    0.000317
    0.684476    2.955403    0.000318
    0.687491    2.968434    0.000319
    0.690507    2.981465    0.000321
    0.693522    2.994478    0.000322
    0.696537    3.007493    0.000323
    0.699553    3.020534    0.000325
    0.702568    3.033571    0.000326
    0.705583    3.046599    0.000328
    0.708599    3.059628    0.000329
    0.711614    3.072653    0.000330
    0.714629    3.085677    0.000332
    0.717645    3.098699    0.000333
    0.720660    3.111725    0.000335
    0.723675    3.124748    0.000336
    0.726690    3.137765    0.000337
    0.729706    3.150774    0.000339
    0.732721    3.163786    0.000340
    0.735736    3.176793    0.000341
    0.738752    3.189800    0.000343
    0.741767    3.202812    0.000344
    0.744782    3.215820    0.000346
    0.747798    3.228819    0.000347
    0.750813    3.241820    0.000348
    0.753828    3.254816    0.000350
    0.756844    3.267806    0.000351
    0.759859    3.280804    0.000352
    0.762874    3.293798    0.000354
    0.765890    3.306787    0.000355
    0.768905    3.319782    0.000357
    0.771920    3.332789    0.000358
    0.774935    3.345789    0.000359
    0.777951    3.358800    0.000361
    0.780966    3.371817    0.000362
    0.783981    3.384833    0.000363
    0.786997    3.397853    0.000365
    0.790012    3.410878    0.000366
    0.793027    3.423903    0.000368
    0.796043    3.436930    0.000369
    0.799058    3.449954    0.000370
    0.802073    3.462971    0.000372
    0.805089    3.475982    0.000373
    0.808104    3.488983    0.000374
    0.811119    3.501992    0.000376
    0.814135    3.515007    0.000377
    0.817150    3.528018    0.000379
    0.820165    3.541023    0.000380
    0.823180    3.554015    0.000381
    0.826196    3.567027    0.000383
    0.829211    3.580039    0.000384
    0.832226    3.593050    0.000385
    0.835242    3.606066    0.000387
    0.838257    3.619083    0.000388
    0.841272    3.632103    0.000390
    0.844288    3.645122    0.000391
    0.847303    3.658135    0.000392
    0.850318    3.671161    0.000394
    0.853334    3.684190    0.000395
    0.856349    3.697227    0.000396
    0.859364    3.710261    0.000398
    0.862380    3.723291    0.000399
    0.865395    3.736328    0.000401
    0.868410    3.749360    0.000402
    0.871425    3.762382    0.000403
    0.874441    3.775408    0.000405
    0.877456    3.788438    0.000406
    0.880471    3.801481    0.000408
    0.883487    3.814531    0.000409
    0.886502    3.827577    0.000410
    0.889517    3.840626    0.000412
    0.892533    3.853680    0.000413
    0.895548    3.866730    0.000414
    0.898563    3.879771    0.000416
    0.901579    3.892809    0.000417
    0.904594    3.905856    0.000419
    0.907609    3.918916    0.000420
    0.910625    3.931973    0.000421
    0.913640    3.945028    0.000423
    0.916655    3.958081    0.000424
    0.919670    3.971139    0.000425
    0.922686    3.984202    0.000427
    0.925701    3.997271    0.000428
    0.928716    4.010343    0.000430
    0.931732    4.023419    0.000431
    0.934747    4.036493    0.000432
    0.937762    4.049568    0.000434
    0.940778    4.062656    0.000435
    0.943793    4.075738    0.000437
    0.946808    4.088822    0.000438
    0.949824    4.101904    0.000439
    0.952839    4.114994    0.000441
    0.955854    4.128082    0.000442
    0.958870    4.141173    0.000443
    0.961885    4.154259    0.000445
    0.964900    4.167357    0.000446
    0.967916    4.180463    0.000448
    0.970931    4.193566    0.000449
    0.973946    4.206671    0.000450
    0.976961    4.219769    0.000452
    0.979977    4.232855    0.000453
    0.982992    4.245957    0.000455
    0.986007    4.259060    0.000456
    0.989023    4.272162    0.000457
    0.992038    4.285273    0.000459
    0.995053    4.298381    0.000460
    0.998069    4.311481    0.000462
    1.001084    4.324578    0.000463
    1.004099    4.337676    0.000464
    1.007115    4.350772    0.000466
    1.010130    4.363859    0.000467
    1.013145    4.376952    0.000468
    1.016161    4.390044    0.000470
    1.019176    4.403133    0.000471
    1.022191    4.416225    0.000473
    1.025206    4.429315    0.000474
    1.028222    4.442405    0.000475
    1.031237    4.455491    0.000477
    1.034252    4.468573    0.000478
    1.037268    4.481661    0.000480
    1.040283    4.494748    0.000481
    1.043298    4.507842    0.000482
    1.046314    4.520936    0.000484
    1.049329    4.534016    0.000485
    1.052344    4.547087    0.000487
    1.055360    4.560160    0.000488
    1.058375    4.573234    0.000489
    1.061390    4.586305    0.000491
    1.064406    4.599381    0.000492
    1.067421    4.612454    0.000493
    1.070436    4.625522    0.000495
    1.073451    4.638596    0.000496
    1.076467    4.651671    0.000498
    1.079482    4.664750    0.000499
    1.082497    4.677825    0.000500
    1.085513    4.690894    0.000502
    1.088528    4.703958    0.000503
    1.091543    4.717018    0.000504
    1.094559    4.730090    0.000506
    1.097574    4.743159    0.000507
    1.100589    4.756220    0.000509
    1.103605    4.769279    0.000510
    1.106620    4.782338    0.000511
    1.109635    4.795397    0.000513
    1.112651    4.808461    0.000514
    1.115666    4.821535    0.000516
    1.118681    4.834610    0.000517
    1.121696    4.847678    0.000518
    1.124712    4.860738    0.000520
    1.127727    4.873807    0.000521
    1.130742    4.886887    0.000522
    1.133758    4.899970    0.000524
    1.136773    4.913062    0.000525
    1.139788    4.926151    0.000527
    1.142804    4.939249    0.000528
    1.145819    4.952351    0.000529
    1.148834    4.965455    0.000531
    1.151850    4.978560    0.000532
    1.154865    4.991660    0.000534
    1.157880    5.004752    0.000535
    1.160896    5.017846    0.000536
    1.163911    5.030935    0.000538
    1.166926    5.044027    0.000539
    1.169941    5.057115    0.000540
    1.172957    5.070211    0.000542
    1.175972    5.083315    0.000543
    1.178987    5.096424    0.000545
    1.182003    5.109536    0.000546
    1.185018    5.122647    0.000547
    1.188033    5.135758    0.000549
    1.191049    5.148878    0.000550
    1.194064    5.162001    0.000552
    1.197079    5.175125    0.000553
    1.200095    5.188247    0.000554
    1.203110    5.201368    0.000556
    1.206125    5.214490    0.000557
    1.209141    5.227598    0.000559
    1.212156    5.240707    0.000560
    1.215171    5.253827    0.000561
    1.218186    5.266945    0.000563
    1.221202    5.280068    0.000564
    1.224217    5.293192    0.000566
    1.227232    5.306305    0.000567
    1.230248    5.319426    0.000568
    1.233263    5.332538    0.000570
    1.236278    5.345653    0.000571
    1.239294    5.358770    0.000573
    1.242309    5.371890    0.000574
    1.245324    5.385011    0.000575
    1.248340    5.398140    0.000577
    1.251355    5.411262    0.000578
    1.254370    5.424381    0.000580
    1.257386    5.437505    0.000581
    1.260401    5.450636    0.000582
    1.263416    5.463756    0.000584
    1.266432    5.476875    0.000585
    1.269447    5.489998    0.000587
    1.272462    5.503111    0.000588
    1.275477    5.516221    0.000589
    1.278493    5.529326    0.000591
    1.281508    5.542424    0.000592
    1.284523    5.555519    0.000594
    1.287539    5.568607    0.000595
    1.290554    5.581696    0.000596
    1.293569    5.594790    0.000598
    1.296585    5.607888    0.000599
    1.299600    5.620971    0.000601
    1.302615    5.634059    0.000602
    1.305631    5.647157    0.000603
    1.308646    5.660258    0.000605
    1.311661    5.673349    0.000606
    1.314677    5.686450    0.000607
    1.317692    5.699552    0.000609
    1.320707    5.712643    0.000610
    1.323722    5.725733    0.000612
    1.326738    5.738820    0.000613
    1.329753    5.751908    0.000614
    1.332768    5.765005    0.000616
    1.335784    5.778106    0.000617
    1.338799    5.791211    0.000618
    1.341814    5.804304    0.000620
    1.344830    5.817399    0.000621
    1.347845    5.830500    0.000623
    1.350860    5.843601    0.000624
    1.353876    5.856697    0.000625
    1.356891    5.869793    0.000627
    1.359906    5.882879    0.000628
    1.362922    5.895966    0.000630
    1.365937    5.909052    0.000631
    1.368952    5.922143    0.000632
    1.371967    5.935229    0.000634
    1.374983    5.948318    0.000635
    1.377998    5.961414    0.000636
    1.381013    5.974511    0.000638
    1.384029    5.987613    0.000639
    1.387044    6.000715    0.000641
    1.390059    6.013809    0.000642
    1.393075    6.026901    0.000643
    1.396090    6.039990    0.000645
    1.399105    6.053077    0.000646
    1.402121    6.066158    0.000647
    1.405136    6.079242    0.000649
    1.408151    6.092327    0.000650
    1.411167    6.105403    0.000652
    1.414182    6.118477    0.000653
    1.417197    6.131561    0.000654
    1.420212    6.144636    0.000656
    1.423228    6.157705    0.000657
    1.426243    6.170768    0.000658
    1.429258    6.183833    0.000660
    1.432274    6.196898    0.000661
    1.435289    6.209967    0.000663
    1.438304    6.223038    0.000664
    1.441320    6.236105    0.000665
    1.444335    6.249172    0.000667
    1.447350    6.262225    0.000668
    1.450366    6.275279    0.000669
    1.453381    6.288347    0.000671
    1.456396    6.301421    0.000672
    1.459412    6.314495    0.000674
    1.462427    6.327563    0.000675
    1.465442    6.340641    0.000676
    1.468457    6.353710    0.000678
    1.471473    6.366778    0.000679
    1.474488    6.379847    0.000680
    1.477503    6.392916    0.000682
    1.480519    6.405979    0.000683
    1.483534    6.419047    0.000685
    1.486549    6.432129    0.000686
    1.489565    6.445209    0.000687
    1.492580    6.458300    0.000689
    1.495595    6.471390    0.000690
    1.498611    6.484472    0.000691
    1.501626    6.497559    0.000693
    1.504641    6.510641    0.000694
    1.507657    6.523722    0.000696
    1.510672    6.536795    0.000697
    1.513687    6.549865    0.000698
    1.516702    6.562932    0.000700
    1.519718    6.576000    0.000701
    1.522733    6.589068    0.000702
    1.525748    6.602131    0.000704
    1.528764    6.615192    0.000705
    1.531779    6.628254    0.000707
    1.534794    6.641323    0.000708
    1.537810    6.654394    0.000709
    1.540825    6.667456    0.000711
    1.543840    6.680512    0.000712
    1.546856    6.693564    0.000713
    1.549871    6.706610    0.000715
    1.552886    6.719650    0.000716
    1.555902    6.732691    0.000718
    1.558917    6.745732    0.000719
    1.561932    6.758776    0.000720
    1.564948    6.771833    0.000722
    1.567963    6.784886    0.000723
    1.570978    6.797942    0.000724
    1.573993    6.810990    0.000726
    1.577009    6.824040    0.000727
    1.580024    6.837090    0.000728
    1.583039    6.850131    0.000730
    1.586055    6.863170    0.000731
    1.589070    6.876203    0.000733
    1.592085    6.889245    0.000734
    1.595101    6.902280    0.000735
    1.598116    6.915308    0.000737
    1.601131    6.928342    0.000738
    1.604147    6.941385    0.000739
    1.607162    6.954425    0.000741
    1.610177    6.967470    0.000742
    1.613193    6.980516    0.000744
    1.616208    6.993568    0.000745
    1.619223    7.006607    0.000746
    1.622238    7.019650    0.000748
    1.625254    7.032704    0.000749
    1.628269    7.045751    0.000750
    1.631284    7.058801    0.000752
    1.634300    7.071853    0.000753
    1.637315    7.084910    0.000755
    1.640330    7.097975    0.000756
    1.643346    7.111048    0.000757
    1.646361    7.124115    0.000759
    1.649376    7.137192    0.000760
    1.652392    7.150270    0.000761
    1.655407    7.163354    0.000763
    1.658422    7.176446    0.000764
    1.661438    7.189539    0.000766
    1.664453    7.202644    0.000767
    1.667468    7.215738    0.000768
    1.670483    7.228812    0.000770
    1.673499    7.241889    0.000771
    1.676514    7.254980    0.000772
    1.679529    7.268076    0.000774
    1.682545    7.281167    0.000775
    1.685560    7.294246    0.000777
    1.688575    7.307333    0.000778
    1.691591    7.320412    0.000779
    1.694606    7.333495    0.000781
    1.697621    7.346582    0.000782
    1.700637    7.359665    0.000783
    1.703652    7.372751    0.000785
    1.706667    7.385834    0.000786
    1.709683    7.398924    0.000788
    1.712698    7.412012    0.000789
    1.715713    7.425089    0.000790
    1.718728    7.438162    0.000792
    1.721744    7.451237    0.000793
    1.724759    7.464308    0.000795
    1.727774    7.477391    0.000796
    1.730790    7.490473    0.000797
    1.733805    7.503558    0.000799
    1.736820    7.516648    0.000800
    1.739836    7.529733    0.000801
    1.742851    7.542829    0.000803
    1.745866    7.555925    0.000804
    1.748882    7.569017    0.000806
    1.751897    7.582111    0.000807
    1.754912    7.595216    0.000808
    1.757928    7.608304    0.000810
    1.760943    7.621407    0.000811
    1.763958    7.634508    0.000812
    1.766973    7.647611    0.000814
    1.769989    7.660712    0.000815
    1.773004    7.673808    0.000817
    1.776019    7.686900    0.000818
    1.779035    7.699992    0.000819
    1.782050    7.713076    0.000821
    1.785065    7.726158    0.000822
    1.788081    7.739243    0.000823
    1.791096    7.752325    0.000825
    1.794111    7.765386    0.000826
    1.797127    7.778449    0.000828
    1.800142    7.791509    0.000829
    1.803157    7.804568    0.000830
    1.806173    7.817634    0.000832
    1.809188    7.830709    0.000833
    1.812203    7.843788    0.000835
    1.815218    7.856860    0.000836
    1.818234    7.869932    0.000837
    1.821249    7.883002    0.000839
    1.824264    7.896077    0.000840
    1.827280    7.909158    0.000841
    1.830295    7.922236    0.000843
    1.833310    7.935304    0.000844
    1.836326    7.948368    0.000846
    1.839341    7.961433    0.000847
    1.842356    7.974492    0.000848
    1.845372    7.987559    0.000850
    1.848387    8.000625    0.000851
    1.851402    8.013692    0.000853
    1.854418    8.026773    0.000854
    1.857433    8.039861    0.000855
    1.860448    8.052939    0.000857
    1.863463    8.066008    0.000858
    1.866479    8.079079    0.000860
    1.869494    8.092148    0.000861
    1.872509    8.105218    0.000862
    1.875525    8.118298    0.000864
    1.878540    8.131387    0.000865
    1.881555    8.144468    0.000866
    1.884571    8.157549    0.000868
    1.887586    8.170634    0.000869
    1.890601    8.183709    0.000871
    1.893617    8.196788    0.000872
    1.896632    8.209877    0.000873
    1.899647    8.222962    0.000875
    1.902663    8.236042    0.000876
    1.905678    8.249126    0.000878
    1.908693    8.262207    0.000879
    1.911709    8.275299    0.000880
    1.914724    8.288398    0.000882
    1.917739    8.301495    0.000883
    1.920754    8.314599    0.000885
    1.923770    8.327701    0.000886
    1.926785    8.340809    0.000887
    1.929800    8.353913    0.000889
    1.932816    8.367016    0.000890
    1.935831    8.380124    0.000892
    1.938846    8.393229    0.000893
    1.941862    8.406354    0.000894
    1.944877    8.419485    0.000896
    1.947892    8.432613    0.000897
    1.950908    8.445742    0.000899
    1.953923    8.458871    0.000900
    1.956938    8.472008    0.000901
    1.959954    8.485150    0.000903
    1.962969    8.498300    0.000904
    1.965984    8.511439    0.000906
    1.968999    8.524576    0.000907
    1.972015    8.537717    0.000908
    1.975030    8.550857    0.000910
    1.978045    8.564005    0.000911
    1.981061    8.577157    0.000913
    1.984076    8.590315    0.000914
    1.987091    8.603460    0.000916
    1.990107    8.616601    0.000917
    1.993122    8.629745    0.000918
    1.996137    8.642888    0.000920
    1.999153    8.656034    0.000921
    2.002168    8.669175    0.000923
    2.005183    8.682326    0.000924
    2.008199    8.695472    0.000925
    2.011214    8.708612    0.000927
    2.014229    8.721748    0.000928
    2.017244    8.734895    0.000930
    2.020260    8.748042    0.000931
    2.023275    8.761188    0.000932
    2.026290    8.774334    0.000934
    2.029306    8.787477    0.000935
    2.032321    8.800630    0.000937
    2.035336    8.813791    0.000938
    2.038352    8.826951    0.000939
    2.041367    8.840101    0.000941
    2.044382    8.853254    0.000942
    2.047398    8.866411    0.000944
    2.050413    8.879562    0.000945
    2.053428    8.892700    0.000946
    2.056444    8.905837    0.000948
    2.059459    8.918975    0.000949
    2.062474    8.932119    0.000951
    2.065489    8.945268    0.000952
    2.068505    8.958431    0.000953
    2.071520    8.971590    0.000955
    2.074535    8.984749    0.000956
    2.077551    8.997904    0.000958
    2.080566    9.011068    0.000959
    2.083581    9.024234    0.000961
    2.086597    9.037400    0.000962
    2.089612    9.050562    0.000963
    2.092627    9.063716    0.000965
    2.095643    9.076863    0.000966
    2.098658    9.090021    0.000968
    2.101673    9.103181    0.000969
    2.104689    9.116335    0.000970
    2.107704    9.129497    0.000972
    2.110719    9.142659    0.000973
    2.113734    9.155806    0.000975
    2.116750    9.168953    0.000976
    2.119765    9.182087    0.000977
    2.122780    9.195234    0.000979
    2.125796    9.208394    0.000980
    2.128811    9.221552    0.000982
    2.131826    9.234717    0.000983
    2.134842    9.247885    0.000984
    2.137857    9.261055    0.000986
    2.140872    9.274223    0.000987
    2.143888    9.287395    0.000989
    2.146903    9.300560    0.000990
    2.149918    9.313727    0.000991
    2.152934    9.326902    0.000993
    2.155949    9.340083    0.000994
    2.158964    9.353264    0.000996
    2.161979    9.366438    0.000997
    2.164995    9.379607    0.000999
    2.168010    9.392794    0.001000
    2.171025    9.405974    0.001001
    2.174041    9.419144    0.001003
    2.177056    9.432324    0.001004
    2.180071    9.445510    0.001006
    2.183087    9.458692    0.001007
    2.186102    9.471867    0.001009
    2.189117    9.485046    0.001010
    2.192133    9.498229    0.001011
    2.195148    9.511413    0.001013
    2.198163    9.524608    0.001014
    2.201179    9.537804    0.001016
    2.204194    9.550989    0.001017
    2.207209    9.564191    0.001018
    2.210225    9.577394    0.001020
    2.213240    9.590587    0.001021
    2.216255    9.603773    0.001023
    2.219270    9.616955    0.001024
    2.222286    9.630137    0.001026
    2.225301    9.643317    0.001027
    2.228316    9.656490    0.001028
    2.231332    9.669652    0.001030
    2.234347    9.682816    0.001031
    2.237362    9.695984    0.001033
    2.240378    9.709159    0.001034
    2.243393    9.722330    0.001036
    2.246408    9.735510    0.001037
    2.249424    9.748691    0.001038
    2.252439    9.761872    0.001040
    2.255454    9.775057    0.001041
    2.258470    9.788240    0.001043
    2.261485    9.801417    0.001044
    2.264500    9.814597    0.001046
    2.267515    9.827764    0.001047
    2.270531    9.840928    0.001049
    2.273546    9.854094    0.001050
    2.276561    9.867267    0.001051
    2.279577    9.880426    0.001053
    2.282592    9.893582    0.001054
    2.285607    9.906744    0.001056
    2.288623    9.919900    0.001057
    2.291638    9.933048    0.001058
    2.294653    9.946199    0.001060
    2.297669    9.959350    0.001061
    2.300684    9.972511    0.001063
    2.303699    9.985673    0.001064
    2.306715    9.998832    0.001066
    2.309730   10.011993    0.001067
    2.312745   10.025143    0.001068
    2.315760   10.038293    0.001070
    2.318776   10.051439    0.001071
    2.321791   10.064576    0.001073
    2.324806   10.077715    0.001074
    2.327822   10.090852    0.001075
    2.330837   10.103987    0.001077
    2.333852   10.117125    0.001078
    2.336868   10.130268    0.001080
    2.339883   10.143411    0.001081
    2.342898   10.156552    0.001083
    2.345914   10.169697    0.001084
    2.348929   10.182844    0.001085
    2.351944   10.195984    0.001087
    2.354960   10.209115    0.001088
    2.357975   10.222248    0.001090
    2.360990   10.235378    0.001091
    2.364005   10.248519    0.001092
    2.367021   10.261648    0.001094
    2.370036   10.274785    0.001095
    2.373051   10.287922    0.001097
    2.376067   10.301071    0.001098
    2.379082   10.314208    0.001099
    2.382097   10.327343    0.001101
    2.385113   10.340485    0.001102
    2.388128   10.353620    0.001104
    2.391143   10.366745    0.001105
    2.394159   10.379879    0.001107
    2.397174   10.393014    0.001108
    2.400189   10.406148    0.001109
    2.403205   10.419292    0.001111
    2.406220   10.432421    0.001112
    2.409235   10.445559    0.001114
    2.412250   10.458704    0.001115
    2.415266   10.471845    0.001116
    2.418281   10.484973    0.001118
    2.421296   10.498105    0.001119
    2.424312   10.511233    0.001121
    2.427327   10.524364    0.001122
    2.430342   10.537487    0.001123
    2.433358   10.550616    0.001125
    2.436373   10.563744    0.001126
    2.439388   10.576872    0.001128
    2.442404   10.589982    0.001129
    2.445419   10.603100    0.001131
    2.448434   10.616218    0.001132
    2.451450   10.629346    0.001133
    2.454465   10.642477    0.001135
    2.457480   10.655614    0.001136
    2.460495   10.668746    0.001138
    2.463511   10.681870    0.001139
    2.466526   10.694991    0.001141
    2.469541   10.708116    0.001142
    2.472557   10.721223    0.001143
    2.475572   10.734326    0.001145
    2.478587   10.747434    0.001146
    2.481603   10.760544    0.001148
    2.484618   10.773654    0.001149
    2.487633   10.786766    0.001150
    2.490649   10.799875    0.001152
    2.493664   10.812994    0.001153
    2.496679   10.826120    0.001155
    2.499695   10.839239    0.001156
    2.502710   10.852348    0.001158
    2.505725   10.865457    0.001159
    2.508741   10.878572    0.001160
    2.511756   10.891691    0.001162
    2.514771   10.904806    0.001163
    2.517786   10.917928    0.001165
    2.520802   10.931048    0.001166
    2.523817   10.944166    0.001167
    2.526832   10.957288    0.001169
    2.529848   10.970401    0.001170
    2.532863   10.983513    0.001172
    2.535878   10.996627    0.001173
    2.538894   11.009754    0.001175
    2.541909   11.022880    0.001176
    2.544924   11.036005    0.001177
    2.547940   11.049125    0.001179
    2.550955   11.062242    0.001180
    2.553970   11.075352    0.001182
    2.556986   11.088462    0.001183
    2.560001   11.101564    0.001184
    2.563016   11.114669    0.001186
    2.566031   11.127775    0.001187
    2.569047   11.140893    0.001189
    2.572062   11.153994    0.001190
    2.575077   11.167089    0.001191
    2.578093   11.180184    0.001193
    2.581108   11.193281    0.001194
    2.584123   11.206371    0.001196
    2.587139   11.219461    0.001197
    2.590154   11.232554    0.001198
    2.593169   11.245657    0.001200
    2.596185   11.258762    0.001201
    2.599200   11.271873    0.001203
    2.602215   11.284985    0.001204
    2.605231   11.298084    0.001206
    2.608246   11.311189    0.001207
    2.611261   11.324300    0.001208
    2.614276   11.337420    0.001210
    2.617292   11.350541    0.001211
    2.620307   11.363658    0.001213
    2.623322   11.376765    0.001214
    2.626338   11.389873    0.001215
    2.629353   11.402977    0.001217
    2.632368   11.416078    0.001218
    2.635384   11.429177    0.001220
    2.638399   11.442281    0.001221
    2.641414   11.455389    0.001223
    2.644430   11.468509    0.001224
    2.647445   11.481607    0.001225
    2.650460   11.494712    0.001227
    2.653476   11.507812    0.001228
    2.656491   11.520928    0.001230
    2.659506   11.534051    0.001231
    2.662521   11.547170    0.001232
    2.665537   11.560297    0.001234
    2.668552   11.573430    0.001235
    2.671567   11.586573    0.001237
    2.674583   11.599708    0.001238
    2.677598   11.612839    0.001239
    2.680613   11.625970    0.001241
    2.683629   11.639098    0.001242
    2.686644   11.652228    0.001244
    2.689659   11.665352    0.001245
    2.692675   11.678483    0.001247
    2.695690   11.691607    0.001248
    2.698705   11.704732    0.001249
    2.701721   11.717862    0.001251
    2.704736   11.730992    0.001252
    2.707751   11.744129    0.001254
    2.710766   11.757271    0.001255
    2.713782   11.770425    0.001256
    2.716797   11.783581    0.001258
    2.719812   11.796738    0.001259
    2.722828   11.809901    0.001261
    2.725843   11.823065    0.001262
    2.728858   11.836225    0.001263
    2.731874   11.849369    0.001265
    2.734889   11.862514    0.001266
    2.737904   11.875657    0.001268
    2.740920   11.888806    0.001269
    2.743935   11.901949    0.001270
    2.746950   11.915093    0.001272
    2.749966   11.928239    0.001273
    2.752981   11.941376    0.001275
    2.755996   11.954514    0.001276
    2.759011   11.967651    0.001277
    2.762027   11.980786    0.001279
    2.765042   11.993923    0.001280
    2.768057   12.007056    0.001282
    2.771073   12.020182    0.001283
    2.774088   12.033299    0.001284
    2.777103   12.046413    0.001286
    2.780119   12.059517    0.001287
    2.783134   12.072625    0.001289
    2.786149   12.085732    0.001290
    2.789165   12.098823    0.001291
    2.792180   12.111920    0.001293
    2.795195   12.125028    0.001294
    2.798211   12.138135    0.001295
    2.801226   12.151235    0.001297
    2.804241   12.164326    0.001298
    2.807256   12.177405    0.001300
    2.810272   12.190478    0.001301
    2.813287   12.203551    0.001302
    2.816302   12.216620    0.001304
    2.819318   12.229689    0.001305
    2.822333   12.242785    0.001307
    2.825348   12.255872    0.001308
    2.828364   12.268958    0.001309
    2.831379   12.282039    0.001311
    2.834394   12.295120    0.001312
    2.837410   12.308201    0.001314
    2.840425   12.321284    0.001315
    2.843440   12.334366    0.001316
    2.846456   12.347455    0.001318
    2.849471   12.360545    0.001319
    2.852486   12.373641    0.001320
    2.855502   12.386738    0.001322
    2.858517   12.399838    0.001323
    2.861532   12.412935    0.001325
    2.864547   12.426018    0.001326
    2.867563   12.439104    0.001327
    2.870578   12.452198    0.001329
    2.873593   12.465304    0.001330
    2.876609   12.478415    0.001331
    2.879624   12.491532    0.001333
    2.882639   12.504642    0.001334
    2.885655   12.517753    0.001336
    2.888670   12.530874    0.001337
    2.891685   12.543992    0.001338
    2.894701   12.557116    0.001340
    2.897716   12.570236    0.001341
    2.900731   12.583346    0.001342
    2.903747   12.596446    0.001344
    2.906762   12.609542    0.001345
    2.909777   12.622629    0.001347
    2.912792   12.635715    0.001348
    2.915808   12.648789    0.001349
    2.918823   12.661864    0.001351
    2.921838   12.674936    0.001352
    2.924854   12.688016    0.001353
    2.927869   12.701092    0.001355
    2.930884   12.714159    0.001356
    2.933900   12.727228    0.001358
    2.936915   12.740284    0.001359
    2.939930   12.753351    0.001360
    2.942946   12.766413    0.001362
    2.945961   12.779463    0.001363
    2.948976   12.792509    0.001364
    2.951992   12.805559    0.001366
    2.955007   12.818605    0.001367
    2.958022   12.831650    0.001369
    2.961037   12.844688    0.001370
    2.964053   12.857728    0.001371
    2.967068   12.870779    0.001373
    2.970083   12.883825    0.001374
    2.973099   12.896856    0.001375
    2.976114   12.909895    0.001377
    2.979129   12.922938    0.001378
    2.982145   12.935980    0.001380
    2.985160   12.949016    0.001381
    2.988175   12.962053    0.001382
    2.991191   12.975086    0.001384
    2.994206   12.988115    0.001385
    2.997221   13.001138    0.001386
    3.000237   13.014169    0.001388
    3.003252   13.027191    0.001389
    3.006267   13.040213    0.001391
    3.009282   13.053237    0.001392
    3.012298   13.066265    0.001393
    3.015313   13.079290    0.001395
    3.018328   13.092318    0.001396
    3.021344   13.105357    0.001397
    3.024359   13.118386    0.001399
    3.027374   13.131412    0.001400
    3.030390   13.144438    0.001402
    3.033405   13.157452    0.001403
    3.036420   13.170459    0.001404
    3.039436   13.183468    0.001406
    3.042451   13.196487    0.001407
    3.045466   13.209487    0.001408
    3.048482   13.222496    0.001410
    3.051497   13.235509    0.001411
    3.054512   13.248516    0.001413
    3.057527   13.261535    0.001414
    3.060543   13.274560    0.001415
    3.063558   13.287577    0.001417
    3.066573   13.300592    0.001418
    3.069589   13.313616    0.001419
    3.072604   13.326659    0.001421
    3.075619   13.339698    0.001422
    3.078635   13.352736    0.001424
    3.081650   13.365788    0.001425
    3.084665   13.378834    0.001426
    3.087681   13.391871    0.001428
    3.090696   13.404899    0.001429
    3.093711   13.417931    0.001430
    3.096727   13.430968    0.001432
    3.099742   13.444011    0.001433
    3.102757   13.457055    0.001435
    3.105772   13.470092    0.001436
    3.108788   13.483121    0.001437
    3.111803   13.496148    0.001439
    3.114818   13.509185    0.001440
    3.117834   13.522217    0.001441
    3.120849   13.535256    0.001443
    3.123864   13.548300    0.001444
    3.126880   13.561335    0.001446
    3.129895   13.574364    0.001447
    3.132910   13.587396    0.001448
    3.135926   13.600418    0.001450
    3.138941   13.613441    0.001451
    3.141956   13.626465    0.001452
    3.144972   13.639480    0.001454
    3.147987   13.652493    0.001455
    3.151002   13.665514    0.001457
    3.154018   13.678529    0.001458
    3.157033   13.691548    0.001459
    3.160048   13.704568    0.001461
    3.163063   13.717600    0.001462
    3.166079   13.730644    0.001463
    3.169094   13.743682    0.001465
    3.172109   13.756729    0.001466
    3.175125   13.769775    0.001468
    3.178140   13.782815    0.001469
    3.181155   13.795858    0.001470
    3.184171   13.808910    0.001472
    3.187186   13.821963    0.001473
    3.190201   13.835024    0.001474
    3.193217   13.848094    0.001476
    3.196232   13.861167    0.001477
    3.199247   13.874229    0.001479
    3.202263   13.887296    0.001480
    3.205278   13.900366    0.001481
    3.208293   13.913430    0.001483
    3.211308   13.926494    0.001484
    3.214324   13.939558    0.001486
    3.217339   13.952616    0.001487
    3.220354   13.965669    0.001488
    3.223370   13.978713    0.001490
    3.226385   13.991759    0.001491
    3.229400   14.004799    0.001492
    3.232416   14.017844    0.001494
    3.235431   14.030899    0.001495
    3.238446   14.043956    0.001497
    3.241462   14.057017    0.001498
    3.244477   14.070070    0.001499
    3.247492   14.083120    0.001501
    3.250508   14.096174    0.001502
    3.253523   14.109229    0.001504
    3.256538   14.122281    0.001505
    3.259553   14.135330    0.001506
    3.262569   14.148376    0.001508
    3.265584   14.161420    0.001509
    3.268599   14.174465    0.001511
    3.271615   14.187527    0.001512
    3.274630   14.200585    0.001514
    3.277645   14.213659    0.001515
    3.280661   14.226727    0.001516
    3.283676   14.239784    0.001518
    3.286691   14.252854    0.001519
    3.289707   14.265917    0.001521
    3.292722   14.278991    0.001522
    3.295737   14.292071    0.001523
    3.298753   14.305155    0.001525
    3.301768   14.318229    0.001526
    3.304783   14.331304    0.001528
    3.307798   14.344369    0.001529
    3.310814   14.357444    0.001530
    3.313829   14.370513    0.001532
    3.316844   14.383577    0.001533
    3.319860   14.396653    0.001535
    3.322875   14.409727    0.001536
    3.325890   14.422801    0.001537
    3.328906   14.435858    0.001539
    3.331921   14.448927    0.001540
    3.334936   14.461987    0.001542
    3.337952   14.475054    0.001543
    3.340967   14.488114    0.001544
    3.343982   14.501180    0.001546
    3.346998   14.514247    0.001547
    3.350013   14.527311    0.001549
    3.353028   14.540371    0.001550
    3.356043   14.553437    0.001552
    3.359059   14.566504    0.001553
    3.362074   14.579576    0.001554
    3.365089   14.592651    0.001556
    3.368105   14.605716    0.001557
    3.371120   14.618772    0.001559
    3.374135   14.631833    0.001560
    3.377151   14.644888    0.001561
    3.380166   14.657948    0.001563
    3.383181   14.670998    0.001564
    3.386197   14.684051    0.001566
    3.389212   14.697105    0.001567
    3.392227   14.710156    0.001568
    3.395243   14.723209    0.001570
    3.398258   14.736274    0.001571
    3.401273   14.749330    0.001573
    3.404288   14.762380    0.001574
    3.407304   14.775424    0.001576
    3.410319   14.788472    0.001577
    3.413334   14.801522    0.001578
    3.416350   14.814584    0.001580
    3.419365   14.827635    0.001581
    3.422380   14.840680    0.001583
    3.425396   14.853719    0.001584
    3.428411   14.866744    0.001585
    3.431426   14.879764    0.001587
    3.434442   14.892797    0.001588
    3.437457   14.905826    0.001590
    3.440472   14.918852    0.001591
    3.443488   14.931880    0.001592
    3.446503   14.944921    0.001594
    3.449518   14.957962    0.001595
    3.452534   14.971011    0.001597
    3.455549   14.984053    0.001598
    3.458564   14.997096    0.001600
    3.461579   15.010151    0.001601
    3.464595   15.023203    0.001602
    3.467610   15.036258    0.001604
    3.470625   15.049314    0.001605
    3.473641   15.062366    0.001607
    3.476656   15.075410    0.001608
    3.479671   15.088458    0.001609
    3.482687   15.101492    0.001611
    3.485702   15.114523    0.001612
    3.488717   15.127557    0.001614
    3.491733   15.140591    0.001615
    3.494748   15.153636    0.001616
    3.497763   15.166680    0.001618
    3.500779   15.179711    0.001619
    3.503794   15.192739    0.001621
    3.506809   15.205772    0.001622
    3.509824   15.218806    0.001624
    3.512840   15.231827    0.001625
    3.515855   15.244846    0.001626
    3.518870   15.257876    0.001628
    3.521886   15.270904    0.001629
    3.524901   15.283929    0.001631
    3.527916   15.296956    0.001632
    3.530932   15.309988    0.001633
    3.533947   15.323009    0.001635
    3.536962   15.336023    0.001636
    3.539978   15.349029    0.001638
    3.542993   15.362045    0.001639
    3.546008   15.375057    0.001640
    3.549024   15.388074    0.001642
    3.552039   15.401072    0.001643
    3.555054   15.414063    0.001645
    3.558069   15.427060    0.001646
    3.561085   15.440058    0.001647
    3.564100   15.453061    0.001649
    3.567115   15.466071    0.001650
    3.570131   15.479093    0.001652
    3.573146   15.492116    0.001653
    3.576161   15.505141    0.001654
    3.579177   15.518154    0.001656
    3.582192   15.531156    0.001657
    3.585207   15.544151    0.001659
    3.588223   15.557153    0.001660
    3.591238   15.570157    0.001661
    3.594253   15.583174    0.001663
    3.597269   15.596183    0.001664
    3.600284   15.609198    0.001666
    3.603299   15.622210    0.001667
    3.606314   15.635227    0.001668
    3.609330   15.648250    0.001670
    3.612345   15.661285    0.001671
    3.615360   15.674321    0.001673
    3.618376   15.687354    0.001674
    3.621391   15.700385    0.001675
    3.624406   15.713420    0.001677
    3.627422   15.726466    0.001678
    3.630437   15.739501    0.001680
    3.633452   15.752535    0.001681
    3.636468   15.765567    0.001682
    3.639483   15.778609    0.001684
    3.642498   15.791649    0.001685
    3.645514   15.804693    0.001687
    3.648529   15.817738    0.001688
    3.651544   15.830784    0.001690
    3.654559   15.843828    0.001691
    3.657575   15.856877    0.001692
    3.660590   15.869911    0.001694
    3.663605   15.882957    0.001695
    3.666621   15.895999    0.001697
    3.669636   15.909031    0.001698
    3.672651   15.922063    0.001699
    3.675667   15.935085    0.001701
    3.678682   15.948105    0.001702
    3.681697   15.961131    0.001704
    3.684713   15.974157    0.001705
    3.687728   15.987191    0.001706
    3.690743   16.000229    0.001708
    3.693759   16.013269    0.001709
    3.696774   16.026306    0.001711
    3.699789   16.039348    0.001712
    3.702804   16.052388    0.001714
    3.705820   16.065427    0.001715
    3.708835   16.078466    0.001716
    3.711850   16.091510    0.001718
    3.714866   16.104552    0.001719
    3.717881   16.117590    0.001721
    3.720896   16.130631    0.001722
    3.723912   16.143669    0.001723
    3.726927   16.156711    0.001725
    3.729942   16.169742    0.001726
    3.732958   16.182779    0.001728
    3.735973   16.195823    0.001729
    3.738988   16.208872    0.001730
    3.742004   16.221926    0.001732
    3.745019   16.234981    0.001733
    3.748034   16.248039    0.001735
    3.751049   16.261099    0.001736
    3.754065   16.274147    0.001738
    3.757080   16.287208    0.001739
    3.760095   16.300267    0.001740
    3.763111   16.313323    0.001742
    3.766126   16.326373    0.001743
    3.769141   16.339423    0.001745
    3.772157   16.352481    0.001746
    3.775172   16.365536    0.001748
    3.778187   16.378597    0.001749
    3.781203   16.391672    0.001750
    3.784218   16.404737    0.001752
    3.787233   16.417809    0.001753
    3.790249   16.430891    0.001755
    3.793264   16.443973    0.001756
    3.796279   16.457054    0.001758
    3.799295   16.470146    0.001759
    3.802310   16.483225    0.001760
    3.805325   16.496304    0.001762
    3.808340   16.509382    0.001763
    3.811356   16.522450    0.001765
    3.814371   16.535510    0.001766
    3.817386   16.548572    0.001768
    3.820402   16.561640    0.001769
    3.823417   16.574711    0.001770
    3.826432   16.587780    0.001772
    3.829448   16.600843    0.001773
    3.832463   16.613908    0.001775
    3.835478   16.626970    0.001776
    3.838494   16.640036    0.001778
    3.841509   16.653111    0.001779
    3.844524   16.666181    0.001780
    3.847540   16.679249    0.001782
    3.850555   16.692331    0.001783
    3.853570   16.705413    0.001785
    3.856585   16.718480    0.001786
    3.859601   16.731537    0.001788
    3.862616   16.744587    0.001789
    3.865631   16.757634    0.001791
    3.868647   16.770681    0.001792
    3.871662   16.783737    0.001793
    3.874677   16.796789    0.001795
    3.877693   16.809836    0.001796
    3.880708   16.822871    0.001798
    3.883723   16.835916    0.001799
    3.886739   16.848971    0.001801
    3.889754   16.862025    0.001802
    3.892769   16.875074    0.001804
    3.895785   16.888120    0.001805
    3.898800   16.901170    0.001806
    3.901815   16.914226    0.001808
    3.904830   16.927289    0.001809
    3.907846   16.940357    0.001811
    3.910861   16.953423    0.001812
    3.913876   16.966478    0.001814
    3.916892   16.979545    0.001815
    3.919907   16.992620    0.001817
    3.922922   17.005690    0.001818
    3.925938   17.018754    0.001819
    3.928953   17.031814    0.001821
    3.931968   17.044878    0.001822
    3.934984   17.057945    0.001824
    3.937999   17.071014    0.001825
    3.941014   17.084077    0.001827
    3.944030   17.097144    0.001828
    3.947045   17.110209    0.001830
    3.950060   17.123283    0.001831
    3.953075   17.136358    0.001833
    3.956091   17.149434    0.001834
    3.959106   17.162509    0.001836
    3.962121   17.175572    0.001837
    3.965137   17.188627    0.001839
    3.968152   17.201687    0.001840
    3.971167   17.214749    0.001841
    3.974183   17.227816    0.001843
    3.977198   17.240886    0.001844
    3.980213   17.253940    0.001846
    3.983229   17.266997    0.001847
    3.986244   17.280055    0.001849
    3.989259   17.293132    0.001850
    3.992275   17.306211    0.001852
    3.995290   17.319282    0.001853
    3.998305   17.332357    0.001855
    4.001320   17.345423    0.001856
    4.004336   17.358489    0.001858
    4.007351   17.371540    0.001859
    4.010366   17.384586    0.001860
    4.013382   17.397623    0.001862
    4.016397   17.410661    0.001863
    4.019412   17.423699    0.001865
    4.022428   17.436736    0.001866
    4.025443   17.449773    0.001868
    4.028458   17.462811    0.001869
    4.031474   17.475859    0.001871
    4.034489   17.488908    0.001872
    4.037504   17.501954    0.001874
    4.040520   17.514993    0.001875
    4.043535   17.528037    0.001877
    4.046550   17.541069    0.001878
    4.049565   17.554103    0.001879
    4.052581   17.567130    0.001881
    4.055596   17.580160    0.001882
    4.058611   17.593188    0.001884
    4.061627   17.606200    0.001885
    4.064642   17.619197    0.001887
    4.067657   17.632194    0.001888
    4.070673   17.645185    0.001890
    4.073688   17.658175    0.001891
    4.076703   17.671154    0.001892
    4.079719   17.684139    0.001894
    4.082734   17.697131    0.001895
    4.085749   17.710110    0.001897
    4.088765   17.723083    0.001898
    4.091780   17.736054    0.001900
    4.094795   17.749025    0.001901
    4.097811   17.761997    0.001903
    4.100826   17.774964    0.001904
    4.103841   17.787930    0.001906
    4.106856   17.800904    0.001907
    4.109872   17.813880    0.001908
    4.112887   17.826855    0.001910
    4.115902   17.839832    0.001911
    4.118918   17.852807    0.001913
    4.121933   17.865786    0.001914
    4.124948   17.878761    0.001916
    4.127964   17.891738    0.001917
    4.130979   17.904707    0.001919
    4.133994   17.917687    0.001920
    4.137010   17.930678    0.001922
    4.140025   17.943657    0.001923
    4.143040   17.956629    0.001924
    4.146056   17.969621    0.001926
    4.149071   17.982623    0.001927
    4.152086   17.995624    0.001929
    4.155101   18.008627    0.001930
    4.158117   18.021631    0.001932
    4.161132   18.034646    0.001933
    4.164147   18.047663    0.001935
    4.167163   18.060680    0.001936
    4.170178   18.073704    0.001938
    4.173193   18.086728    0.001939
    4.176209   18.099757    0.001940
    4.179224   18.112796    0.001942
    4.182239   18.125823    0.001943
    4.185255   18.138856    0.001945
    4.188270   18.151883    0.001946
    4.191285   18.164922    0.001948
    4.194301   18.177953    0.001949
    4.197316   18.190986    0.001951
    4.200331   18.204024    0.001952
    4.203346   18.217055    0.001954
    4.206362   18.230094    0.001955
    4.209377   18.243140    0.001957
    4.212392   18.256197    0.001958
    4.215408   18.269244    0.001960
    4.218423   18.282297    0.001961
    4.221438   18.295347    0.001962
    4.224454   18.308397    0.001964
    4.227469   18.321457    0.001965
    4.230484   18.334518    0.001967
    4.233500   18.347575    0.001968
    4.236515   18.360643    0.001970
    4.239530   18.373696    0.001971
    4.242546   18.386746    0.001973
    4.245561   18.399801    0.001974
    4.248576   18.412855    0.001976
    4.251591   18.425911    0.001977
    4.254607   18.438975    0.001979
    4.257622   18.452031    0.001980
    4.260637   18.465097    0.001981
    4.263653   18.478160    0.001983
    4.266668   18.491221    0.001984
    4.269683   18.504282    0.001986
    4.272699   18.517341    0.001987
    4.275714   18.530400    0.001989
    4.278729   18.543469    0.001990
    4.281745   18.556538    0.001992
    4.284760   18.569616    0.001993
    4.287775   18.582690    0.001995
    4.290791   18.595771    0.001996
    4.293806   18.608861    0.001997
    4.296821   18.621942    0.001999
    4.299836   18.635023    0.002000
    4.302852   18.648113    0.002002
    4.305867   18.661209    0.002003
    4.308882   18.674298    0.002005
    4.311898   18.687384    0.002006
    4.314913   18.700475    0.002008
    4.317928   18.713566    0.002009
    4.320944   18.726650    0.002011
    4.323959   18.739745    0.002012
    4.326974   18.752844    0.002013
    4.329990   18.765946    0.002015
    4.333005   18.779048    0.002016
    4.336020   18.792147    0.002018
    4.339036   18.805233    0.002019
    4.342051   18.818316    0.002021
    4.345066   18.831397    0.002022
    4.348081   18.844468    0.002024
    4.351097   18.857533    0.002025
    4.354112   18.870601    0.002026
    4.357127   18.883660    0.002028
    4.360143   18.896715    0.002029
    4.363158   18.909778    0.002031
    4.366173   18.922827    0.002032
    4.369189   18.935876    0.002034
    4.372204   18.948916    0.002035
    4.375219   18.961957    0.002037
    4.378235   18.975004    0.002038
    4.381250   18.988047    0.002040
    4.384265   19.001093    0.002041
    4.387281   19.014147    0.002042
    4.390296   19.027199    0.002044
    4.393311   19.040245    0.002045
    4.396327   19.053286    0.002047
    4.399342   19.066340    0.002048
    4.402357   19.079404    0.002050
    4.405372   19.092476    0.002051
    4.408388   19.105535    0.002053
    4.411403   19.118595    0.002054
    4.414418   19.131650    0.002056
    4.417434   19.144706    0.002057
    4.420449   19.157750    0.002058
    4.423464   19.170789    0.002060
    4.426480   19.183835    0.002061
    4.429495   19.196889    0.002063
    4.432510   19.209935    0.002064
    4.435526   19.222978    0.002066
    4.438541   19.236018    0.002067
    4.441556   19.249053    0.002069
    4.444572   19.262094    0.002070
    4.447587   19.275135    0.002072
    4.450602   19.288186    0.002073
    4.453617   19.301219    0.002075
    4.456633   19.314250    0.002076
    4.459648   19.327286    0.002077
    4.462663   19.340312    0.002079
    4.465679   19.353330    0.002080
    4.468694   19.366349    0.002082
    4.471709   19.379362    0.002083
    4.474725   19.392366    0.002085
    4.477740   19.405384    0.002086
    4.480755   19.418417    0.002088
    4.483771   19.431435    0.002089
    4.486786   19.444449    0.002091
    4.489801   19.457457    0.002092
    4.492817   19.470462    0.002094
    4.495832   19.483473    0.002095
    4.498847   19.496476    0.002096
    4.501862   19.509472    0.002098
    4.504878   19.522465    0.002099
    4.507893   19.535456    0.002101
    4.510908   19.548456    0.002102
    4.513924   19.561449    0.002104
    4.516939   19.574445    0.002105
    4.519954   19.587432    0.002107
    4.522970   19.600416    0.002108
    4.525985   19.613408    0.002110
    4.529000   19.626391    0.002111
    4.532016   19.639377    0.002112
    4.535031   19.652363    0.002114
    4.538046   19.665338    0.002115
    4.541062   19.678310    0.002117
    4.544077   19.691281    0.002118
    4.547092   19.704272    0.002120
    4.550107   19.717252    0.002121
    4.553123   19.730228    0.002123
    4.556138   19.743198    0.002124
    4.559153   19.756160    0.002125
    4.562169   19.769131    0.002127
    4.565184   19.782119    0.002128
    4.568199   19.795106    0.002130
    4.571215   19.808084    0.002131
    4.574230   19.821061    0.002133
    4.577245   19.834028    0.002134
    4.580261   19.846995    0.002136
    4.583276   19.859962    0.002137
    4.586291   19.872924    0.002139
    4.589307   19.885893    0.002140
    4.592322   19.898848    0.002142
    4.595337   19.911798    0.002143
    4.598352   19.924755    0.002144
    4.601368   19.937715    0.002146
    4.604383   19.950673    0.002147
    4.607398   19.963639    0.002149
    4.610414   19.976607    0.002150
    4.613429   19.989580    0.002152
    4.616444   20.002542    0.002153
    4.619460   20.015516    0.002155
    4.622475   20.028499    0.002156
    4.625490   20.041482    0.002158
    4.628506   20.054450    0.002159
    4.631521   20.067416    0.002160
    4.634536   20.080379    0.002162
    4.637552   20.093344    0.002163
    4.640567   20.106307    0.002165
    4.643582   20.119277    0.002166
    4.646597   20.132233    0.002168
    4.649613   20.145188    0.002169
    4.652628   20.158145    0.002171
    4.655643   20.171098    0.002172
    4.658659   20.184058    0.002174
    4.661674   20.197016    0.002175
    4.664689   20.209973    0.002176
    4.667705   20.222925    0.002178
    4.670720   20.235868    0.002179
    4.673735   20.248809    0.002181
    4.676751   20.261756    0.002182
    4.679766   20.274679    0.002184
    4.682781   20.287618    0.002185
    4.685797   20.300552    0.002187
    4.688812   20.313487    0.002188
    4.691827   20.326431    0.002189
    4.694843   20.339363    0.002191
    4.697858   20.352292    0.002192
    4.700873   20.365232    0.002194
    4.703888   20.378177    0.002195
    4.706904   20.391121    0.002197
    4.709919   20.404049    0.002198
    4.712934   20.416981    0.002200
    4.715950   20.429916    0.002201
    4.718965   20.442844    0.002202
    4.721980   20.455774    0.002204
    4.724996   20.468693    0.002205
    4.728011   20.481615    0.002207
    4.731026   20.494539    0.002208
    4.734042   20.507456    0.002210
    4.737057   20.520366    0.002211
    4.740072   20.533272    0.002212
    4.743088   20.546175    0.002214
    4.746103   20.559089    0.002215
    4.749118   20.571994    0.002217
    4.752133   20.584913    0.002218
    4.755149   20.597841    0.002220
    4.758164   20.610768    0.002221
    4.761179   20.623699    0.002223
    4.764195   20.636627    0.002224
    4.767210   20.649567    0.002225
    4.770225   20.662497    0.002227
    4.773241   20.675433    0.002228
    4.776256   20.688360    0.002230
    4.779271   20.701288    0.002231
    4.782287   20.714215    0.002233
    4.785302   20.727151    0.002234
    4.788317   20.740089    0.002235
    4.791333   20.753022    0.002237
    4.794348   20.765969    0.002238
    4.797363   20.778922    0.002240
    4.800378   20.791871    0.002241
    4.803394   20.804797    0.002243
    4.806409   20.817716    0.002244
    4.809424   20.830640    0.002245
    4.812440   20.843568    0.002247
    4.815455   20.856489    0.002248
    4.818470   20.869390    0.002250
    4.821486   20.882282    0.002251
    4.824501   20.895181    0.002253
    4.827516   20.908078    0.002254
    4.830532   20.920973    0.002255
    4.833547   20.933862    0.002257
    4.836562   20.946743    0.002258
    4.839578   20.959617    0.002260
    4.842593   20.972491    0.002261
    4.845608   20.985356    0.002262
    4.848623   20.998227    0.002264
    4.851639   21.011089    0.002265
    4.854654   21.023946    0.002267
    4.857669   21.036801    0.002268
    4.860685   21.049673    0.002270
    4.863700   21.062552    0.002271
    4.866715   21.075432    0.002272
    4.869731   21.088316    0.002274
    4.872746   21.101182    0.002275
    4.875761   21.114045    0.002277
    4.878777   21.126907    0.002278
    4.881792   21.139758    0.002279
    4.884807   21.152617    0.002281
    4.887823   21.165470    0.002282
    4.890838   21.178340    0.002284
    4.893853   21.191203    0.002285
    4.896868   21.204059    0.002287
    4.899884   21.216921    0.002288
    4.902899   21.229793    0.002289
    4.905914   21.242662    0.002291
    4.908930   21.255526    0.002292
    4.911945   21.268375    0.002294
    4.914960   21.281213    0.002295
    4.917976   21.294049    0.002296
    4.920991   21.306885    0.002298
    4.924006   21.319727    0.002299
    4.927022   21.332567    0.002301
    4.930037   21.345409    0.002302
    4.933052   21.358251    0.002303
    4.936068   21.371085    0.002305
    4.939083   21.383914    0.002306
    4.942098   21.396762    0.002308
    4.945113   21.409625    0.002309
    4.948129   21.422493    0.002310
    4.951144   21.435361    0.002312
    4.954159   21.448232    0.002313
    4.957175   21.461097    0.002315
    4.960190   21.473969    0.002316
    4.963205   21.486840    0.002318
    4.966221   21.499717    0.002319
    4.969236   21.512593    0.002320
    4.972251   21.525466    0.002322
    4.975267   21.538326    0.002323
    4.978282   21.551204    0.002325
    4.981297   21.564081    0.002326
    4.984313   21.576951    0.002327
    4.987328   21.589820    0.002329
    4.990343   21.602678    0.002330
    4.993358   21.615540    0.002332
    4.996374   21.628391    0.002333
    4.999389   21.641246    0.002334
    5.002404   21.654086    0.002336
    5.005420   21.666935    0.002337
    5.008435   21.679791    0.002339
    5.011450   21.692637    0.002340
    5.014466   21.705495    0.002341
    5.017481   21.718357    0.002343
    5.020496   21.731230    0.002344
    5.023512   21.744107    0.002346
    5.026527   21.756979    0.002347
    5.029542   21.769856    0.002349
    5.032558   21.782737    0.002350
    5.035573   21.795617    0.002351
    5.038588   21.808491    0.002353
    5.041604   21.821366    0.002354
    5.044619   21.834240    0.002356
    5.047634   21.847110    0.002357
    5.050649   21.859979    0.002358
    5.053665   21.872854    0.002360
    5.056680   21.885720    0.002361
    5.059695   21.898575    0.002363
    5.062711   21.911425    0.002364
    5.065726   21.924278    0.002365
    5.068741   21.937138    0.002367
    5.071757   21.949997    0.002368
    5.074772   21.962840    0.002370
    5.077787   21.975675    0.002371
    5.080803   21.988514    0.002372
    5.083818   22.001350    0.002374
    5.086833   22.014189    0.002375
    5.089849   22.027027    0.002377
    5.092864   22.039852    0.002378
    5.095879   22.052691    0.002379
    5.098894   22.065517    0.002381
    5.101910   22.078350    0.002382
    5.104925   22.091165    0.002384
    5.107940   22.103985    0.002385
    5.110956   22.116818    0.002386
    5.113971   22.129633    0.002388
    5.116986   22.142447    0.002389
    5.120002   22.155262    0.002391
    5.123017   22.168069    0.002392
    5.126032   22.180870    0.002393
    5.129048   22.193674    0.002395
    5.132063   22.206475    0.002396
    5.135078   22.219280    0.002398
    5.138094   22.232076    0.002399
    5.141109   22.244866    0.002400
    5.144124   22.257659    0.002402
    5.147139   22.270428    0.002403
    5.150155   22.283202    0.002405
    5.153170   22.295980    0.002406
    5.156185   22.308755    0.002408
    5.159201   22.321536    0.002409
    5.162216   22.334309    0.002410
    5.165231   22.347084    0.002412
    5.168247   22.359859    0.002413
    5.171262   22.372626    0.002415
    5.174277   22.385399    0.002416
    5.177293   22.398169    0.002417
    5.180308   22.410928    0.002419
    5.183323   22.423682    0.002420
    5.186339   22.436433    0.002422
    5.189354   22.449188    0.002423
    5.192369   22.461952    0.002424
    5.195384   22.474716    0.002426
    5.198400   22.487481    0.002427
    5.201415   22.500251    0.002429
    5.204430   22.513021    0.002430
    5.207446   22.525782    0.002431
    5.210461   22.538539    0.002433
    5.213476   22.551287    0.002434
    5.216492   22.564037    0.002436
    5.219507   22.576776    0.002437
    5.222522   22.589516    0.002438
    5.225538   22.602239    0.002440
    5.228553   22.614956    0.002441
    5.231568   22.627667    0.002443
    5.234584   22.640365    0.002444
    5.237599   22.653070    0.002445
    5.240614   22.665773    0.002447
    5.243629   22.678492    0.002448
    5.246645   22.691223    0.002450
    5.249660   22.703951    0.002451
    5.252675   22.716683    0.002452
    5.255691   22.729420    0.002454
    5.258706   22.742158    0.002455
    5.261721   22.754891    0.002457
    5.264737   22.767636    0.002458
    5.267752   22.780381    0.002460
    5.270767   22.793125    0.002461
    5.273783   22.805867    0.002462
    5.276798   22.818618    0.002464
    5.279813   22.831372    0.002465
    5.282829   22.844129    0.002467
    5.285844   22.856888    0.002468
    5.288859   22.869644    0.002470
    5.291874   22.882398    0.002471
    5.294890   22.895151    0.002472
    5.297905   22.907895    0.002474
    5.300920   22.920643    0.002475
    5.303936   22.933383    0.002477
    5.306951   22.946123    0.002478
    5.309966   22.958872    0.002480
    5.312982   22.971627    0.002481
    5.315997   22.984385    0.002482
    5.319012   22.997142    0.002484
    5.322028   23.009895    0.002485
    5.325043   23.022654    0.002487
    5.328058   23.035405    0.002488
    5.331074   23.048157    0.002490
    5.334089   23.060909    0.002491
    5.337104   23.073657    0.002492
    5.340120   23.086410    0.002494
    5.343135   23.099168    0.002495
    5.346150   23.111921    0.002497
    5.349165   23.124672    0.002498
    5.352181   23.137417    0.002500
    5.355196   23.150163    0.002501
    5.358211   23.162918    0.002502
    5.361227   23.175676    0.002504
    5.364242   23.188426    0.002505
    5.367257   23.201171    0.002507
    5.370273   23.213929    0.002508
    5.373288   23.226672    0.002510
    5.376303   23.239409    0.002511
    5.379319   23.252145    0.002512
    5.382334   23.264878    0.002514
    5.385349   23.277607    0.002515
    5.388365   23.290331    0.002517
    5.391380   23.303050    0.002518
    5.394395   23.315769    0.002519
    5.397410   23.328492    0.002521
    5.400426   23.341222    0.002522
    5.403441   23.353950    0.002524
    5.406456   23.366675    0.002525
    5.409472   23.379402    0.002527
    5.412487   23.392125    0.002528
    5.415502   23.404845    0.002529
    5.418518   23.417567    0.002531
    5.421533   23.430288    0.002532
    5.424548   23.442998    0.002534
    5.427564   23.455701    0.002535
    5.430579   23.468401    0.002536
    5.433594   23.481104    0.002538
    5.436610   23.493811    0.002539
    5.439625   23.506514    0.002541
    5.442640   23.519220    0.002542
    5.445655   23.531923    0.002544
    5.448671   23.544615    0.002545
    5.451686   23.557305    0.002546
    5.454701   23.569992    0.002548
    5.457717   23.582666    0.002549
    5.460732   23.595349    0.002551
    5.463747   23.608041    0.002552
    5.466763   23.620744    0.002554
    5.469778   23.633432    0.002555
    5.472793   23.646121    0.002556
    5.475809   23.658805    0.002558
    5.478824   23.671487    0.002559
    5.481839   23.684166    0.002561
    5.484855   23.696857    0.002562
    5.487870   23.709557    0.002564
    5.490885   23.722260    0.002565
    5.493900   23.734953    0.002567
    5.496916   23.747662    0.002568
    5.499931   23.760352    0.002569
    5.502946   23.773039    0.002571
    5.505962   23.785733    0.002572
    5.508977   23.798430    0.002574
    5.511992   23.811129    0.002575
    5.515008   23.823820    0.002577
    5.518023   23.836523    0.002578
    5.521038   23.849227    0.002579
    5.524054   23.861934    0.002581
    5.527069   23.874643    0.002582
    5.530084   23.887354    0.002584
    5.533100   23.900074    0.002585
    5.536115   23.912786    0.002587
    5.539130   23.925487    0.002588
    5.542145   23.938196    0.002590
    5.545161   23.950909    0.002591
    5.548176   23.963627    0.002592
    5.551191   23.976345    0.002594
    5.554207   23.989072    0.002595
    5.557222   24.001802    0.002597
    5.560237   24.014518    0.002598
    5.563253   24.027237    0.002600
    5.566268   24.039958    0.002601
    5.569283   24.052686    0.002602
    5.572299   24.065400    0.002604
    5.575314   24.078119    0.002605
    5.578329   24.090854    0.002607
    5.581345   24.103596    0.002608
    5.584360   24.116335    0.002610
    5.587375   24.129076    0.002611
    5.590390   24.141810    0.002612
    5.593406   24.154548    0.002614
    5.596421   24.167283    0.002615
    5.599436   24.180009    0.002617
    5.602452   24.192743    0.002618
    5.605467   24.205467    0.002620
    5.608482   24.218198    0.002621
    5.611498   24.230925    0.002622
    5.614513   24.243659    0.002624
    5.617528   24.256386    0.002625
    5.620544   24.269107    0.002627
    5.623559   24.281845    0.002628
    5.626574   24.294568    0.002630
    5.629590   24.307294    0.002631
    5.632605   24.320011    0.002633
    5.635620   24.332724    0.002634
    5.638636   24.345427    0.002635
    5.641651   24.358130    0.002637
    5.644666   24.370838    0.002638
    5.647681   24.383544    0.002640
    5.650697   24.396263    0.002641
    5.653712   24.408984    0.002643
    5.656727   24.421720    0.002644
    5.659743   24.434448    0.002645
    5.662758   24.447178    0.002647
    5.665773   24.459919    0.002648
    5.668789   24.472663    0.002650
    5.671804   24.485401    0.002651
    5.674819   24.498138    0.002653
    5.677835   24.510887    0.002654
    5.680850   24.523645    0.002656
    5.683865   24.536403    0.002657
    5.686881   24.549162    0.002658
    5.689896   24.561930    0.002660
    5.692911   24.574703    0.002661
    5.695926   24.587473    0.002663
    5.698942   24.600231    0.002664
    5.701957   24.612988    0.002666
    5.704972   24.625740    0.002667
    5.707988   24.638486    0.002668
    5.711003   24.651241    0.002670
    5.714018   24.663997    0.002671
    5.717034   24.676753    0.002673
    5.720049   24.689510    0.002674
    5.723064   24.702283    0.002676
    5.726080   24.715058    0.002677
    5.729095   24.727820    0.002679
    5.732110   24.740586    0.002680
    5.735126   24.753360    0.002681
    5.738141   24.766147    0.002683
    5.741156   24.778932    0.002684
    5.744171   24.791720    0.002686
    5.747187   24.804521    0.002687
    5.750202   24.817322    0.002689
    5.753217   24.830116    0.002690
    5.756233   24.842899    0.002691
    5.759248   24.855673    0.002693
    5.762263   24.868446    0.002694
    5.765279   24.881214    0.002696
    5.768294   24.893998    0.002697
    5.771309   24.906789    0.002699
    5.774325   24.919591    0.002700
    5.777340   24.932373    0.002702
    5.780355   24.945151    0.002703
    5.783371   24.957933    0.002704
    5.786386   24.970729    0.002706
    5.789401   24.983528    0.002707
    5.792416   24.996329    0.002709
    5.795432   25.009132    0.002710
    5.798447   25.021940    0.002712
    5.801462   25.034746    0.002713
    5.804478   25.047554    0.002714
    5.807493   25.060373    0.002716
    5.810508   25.073185    0.002717
    5.813524   25.086014    0.002719
    5.816539   25.098828    0.002720
    5.819554   25.111645    0.002722
    5.822570   25.124472    0.002723
    5.825585   25.137293    0.002725
    5.828600   25.150096    0.002726
    5.831616   25.162897    0.002727
    5.834631   25.175695    0.002729
    5.837646   25.188498    0.002730
    5.840661   25.201300    0.002732
    5.843677   25.214106    0.002733
    5.846692   25.226920    0.002735
    5.849707   25.239745    0.002736
    5.852723   25.252560    0.002738
    5.855738   25.265379    0.002739
    5.858753   25.278208    0.002740
    5.861769   25.291039    0.002742
    5.864784   25.303872    0.002743
    5.867799   25.316712    0.002745
    5.870815   25.329555    0.002746
    5.873830   25.342395    0.002748
    5.876845   25.355229    0.002749
    5.879861   25.368059    0.002751
    5.882876   25.380885    0.002752
    5.885891   25.393698    0.002754
    5.888906   25.406518    0.002755
    5.891922   25.419344    0.002757
    5.894937   25.432182    0.002758
    5.897952   25.445013    0.002759
    5.900968   25.457848    0.002761
    5.903983   25.470689    0.002762
    5.906998   25.483519    0.002764
    5.910014   25.496351    0.002765
    5.913029   25.509188    0.002767
    5.916044   25.522031    0.002768
    5.919060   25.534887    0.002770
    5.922075   25.547742    0.002771
    5.925090   25.560598    0.002773
    5.928106   25.573452    0.002774
    5.931121   25.586320    0.002775
    5.934136   25.599195    0.002777
    5.937151   25.612060    0.002778
    5.940167   25.624930    0.002780
    5.943182   25.637807    0.002781
    5.946197   25.650673    0.002783
    5.949213   25.663529    0.002784
    5.952228   25.676393    0.002786
    5.955243   25.689251    0.002787
    5.958259   25.702113    0.002789
    5.961274   25.714979    0.002790
    5.964289   25.727839    0.002791
    5.967305   25.740708    0.002793
    5.970320   25.753564    0.002794
    5.973335   25.766427    0.002796
    5.976351   25.779292    0.002797
    5.979366   25.792167    0.002799
    5.982381   25.805034    0.002800
    5.985397   25.817902    0.002802
    5.988412   25.830755    0.002803
    5.991427   25.843616    0.002804
    5.994442   25.856491    0.002806
    5.997458   25.869368    0.002807
    6.000473   25.882248    0.002809
    6.003488   25.895125    0.002810
    6.006504   25.907999    0.002812
    6.009519   25.920870    0.002813
    6.012534   25.933746    0.002815
    6.015550   25.946618    0.002816
    6.018565   25.959493    0.002817
    6.021580   25.972357    0.002819
    6.024596   25.985222    0.002820
    6.027611   25.998086    0.002822
    6.030626   26.010951    0.002823
    6.033642   26.023823    0.002825
    6.036657   26.036697    0.002826
    6.039672   26.049580    0.002828
    6.042687   26.062462    0.002829
    6.045703   26.075358    0.002831
    6.048718   26.088241    0.002832
    6.051733   26.101133    0.002833
    6.054749   26.114016    0.002835
    6.057764   26.126891    0.002836
    6.060779   26.139773    0.002838
    6.063795   26.152651    0.002839
    6.066810   26.165513    0.002841
    6.069825   26.178376    0.002842
    6.072841   26.191236    0.002844
    6.075856   26.204117    0.002845
    6.078871   26.216996    0.002847
    6.081887   26.229876    0.002848
    6.084902   26.242745    0.002850
    6.087917   26.255620    0.002851
    6.090932   26.268490    0.002852
    6.093948   26.281354    0.002854
    6.096963   26.294213    0.002855
    6.099978   26.307075    0.002857
    6.102994   26.319935    0.002858
    6.106009   26.332802    0.002860
    6.109024   26.345668    0.002861
    6.112040   26.358549    0.002863
    6.115055   26.371431    0.002864
    6.118070   26.384311    0.002866
    6.121086   26.397184    0.002867
    6.124101   26.410062    0.002868
    6.127116   26.422941    0.002870
    6.130132   26.435808    0.002871
    6.133147   26.448681    0.002873
    6.136162   26.461551    0.002874
    6.139177   26.474418    0.002876
    6.142193   26.487283    0.002877
    6.145208   26.500149    0.002879
    6.148223   26.513020    0.002880
    6.151239   26.525907    0.002882
    6.154254   26.538786    0.002883
    6.157269   26.551667    0.002884
    6.160285   26.564529    0.002886
    6.163300   26.577384    0.002887
    6.166315   26.590230    0.002889
    6.169331   26.603083    0.002890
    6.172346   26.615946    0.002892
    6.175361   26.628811    0.002893
    6.178377   26.641685    0.002895
    6.181392   26.654562    0.002896
    6.184407   26.667450    0.002897
    6.187422   26.680321    0.002899
    6.190438   26.693196    0.002900
    6.193453   26.706058    0.002902
    6.196468   26.718920    0.002903
    6.199484   26.731786    0.002905
    6.202499   26.744659    0.002906
    6.205514   26.757543    0.002908
    6.208530   26.770422    0.002909
    6.211545   26.783289    0.002911
    6.214560   26.796154    0.002912
    6.217576   26.809026    0.002913
    6.220591   26.821890    0.002915
    6.223606   26.834753    0.002916
    6.226622   26.847624    0.002918
    6.229637   26.860507    0.002919
    6.232652   26.873398    0.002921
    6.235667   26.886298    0.002922
    6.238683   26.899194    0.002924
    6.241698   26.912102    0.002925
    6.244713   26.925003    0.002927
    6.247729   26.937909    0.002928
    6.250744   26.950829    0.002929
    6.253759   26.963763    0.002931
    6.256775   26.976699    0.002932
    6.259790   26.989635    0.002934
    6.262805   27.002568    0.002935
    6.265821   27.015511    0.002937
    6.268836   27.028445    0.002938
    6.271851   27.041372    0.002940
    6.274867   27.054300    0.002941
    6.277882   27.067217    0.002943
    6.280897   27.080128    0.002944
    6.283913   27.093038    0.002945
    6.286928   27.105950    0.002947
    6.289943   27.118864    0.002948
    6.292958   27.131779    0.002950
    6.295974   27.144696    0.002951
    6.298989   27.157624    0.002953
    6.302004   27.170550    0.002954
    6.305020   27.183474    0.002956
    6.308035   27.196392    0.002957
    6.311050   27.209316    0.002958
    6.314066   27.222238    0.002960
    6.317081   27.235174    0.002961
    6.320096   27.248114    0.002963
    6.323112   27.261054    0.002964
    6.326127   27.274003    0.002966
    6.329142   27.286952    0.002967
    6.332158   27.299892    0.002969
    6.335173   27.312829    0.002970
    6.338188   27.325768    0.002972
    6.341203   27.338705    0.002973
    6.344219   27.351650    0.002974
    6.347234   27.364589    0.002976
    6.350249   27.377519    0.002977
    6.353265   27.390463    0.002979
    6.356280   27.403414    0.002980
    6.359295   27.416361    0.002982
