           1   0.0000000000000000     
           2   0.0000000000000000     
           3   0.0000000000000000     
           4   0.0000000000000000     
           5  -1.5139154518950438E-002
           6  -2.0185539358600586E-002
           7  -3.5324693877551022E-002
           8  -6.0556618075801760E-002
           9 -0.10092769679300297     
          10 -0.14634516034985431     
          11 -0.17662346938775522     
          12 -0.20690177842565605     
          13 -0.26745839650145758     
          14 -0.31287586005830875     
          15 -0.35829332361515992     
          16 -0.38352524781341057     
          17 -0.37847886297376043     
          18 -0.38857163265306072     
          19 -0.42389632653061160     
          20 -0.42389632653061160     
          21 -0.46931379008746277     
          22 -0.49959209912536356     
          23 -0.52482402332361422     
          24 -0.56014871720116510     
          25 -0.60051979591836613     
          26 -0.62575172011661684     
          27 -0.61565895043731655     
          28 -0.63584448979591701     
          29 -0.66107641399416772     
          30 -0.67621556851311804     
          31 -0.69135472303206846     
          32 -0.72667941690961935     
          33 -0.69640110787171861     
          34 -0.75695772594752020     
          35 -0.77714326530612077     
          36 -0.78218965014577091     
          37 -0.86293180758017296     
          38 -0.86797819241982310     
          39 -0.87807096209912339     
          40 -0.88311734693877353     
          41 -0.90834927113702413     
          42 -0.89321011661807370     
          43 -0.90834927113702413     
          44 -0.93358119533527473     
          45 -0.92348842565597455     
          46 -0.98404504373177604     
          47  -1.0143233527696769     
          48  -1.0345088921282775     
          49  -1.0496480466472278     
          50  -1.0698335860058283     
          51  -1.0698335860058283     
          52  -1.0900191253644287     
          53  -1.1001118950437290     
          54  -1.1253438192419798     
          55  -1.1707612827988310     
          56  -1.1909468221574313     
          57  -1.2060859766763818     
          58  -1.2262715160349822     
          59  -1.2111323615160319     
          60  -1.2161787463556821     
          61  -1.2212251311953322     
          62  -1.2313179008746324     
          63  -1.2414106705539327     
          64  -1.2615962099125333     
          65  -1.2716889795918334     
          66  -1.2716889795918334     
          67  -1.2464570553935828     
          68  -1.2363642857142825     
          69  -1.2464570553935828     
          70  -1.2363642857142825     
          71  -1.2363642857142825     
          72  -1.2918745189504339     
          73  -1.3019672886297342     
          74  -1.3019672886297342     
          75  -1.3171064431486845     
          76  -1.3524311370262354     
          77  -1.3372919825072851     
          78  -1.3322455976676351     
          79  -1.3372919825072851     
          80  -1.3271992128279848     
          81  -1.3372919825072851     
          82  -1.3423383673469353     
          83  -1.3423383673469353     
          84  -1.3372919825072851     
          85  -1.3524311370262354     
          86  -1.3726166763848360     
          87  -1.3928022157434365     
          88  -1.3928022157434365     
          89  -1.4281269096209874     
          90  -1.4180341399416871     
          91  -1.4331732944606377     
          92  -1.4483124489795880     
          93  -1.4331732944606377     
          94  -1.4129877551020371     
          95  -1.4584052186588883     
          96  -1.4483124489795880     
          97  -1.4937299125364394     
          98  -1.4836371428571391     
          99  -1.4886835276967891     
         100  -1.4735443731778388     
         101  -1.4886835276967891     
         102  -1.4987762973760894     
         103  -1.4785907580174888     
         104  -1.4987762973760894     
         105  -1.5240082215743400     
         106  -1.5240082215743400     
         107  -1.5341009912536403     
         108  -1.5139154518950397     
         109  -1.5139154518950397     
         110  -1.5240082215743400     
         111  -1.5593329154518909     
         112  -1.5341009912536403     
         113  -1.5593329154518909     
         114  -1.5593329154518909     
         115  -1.6198895335276926     
         116  -1.5744720699708414     
         117  -1.5795184548104915     
         118  -1.5593329154518909     
         119  -1.5744720699708414     
         120  -1.5694256851311912     
         121  -1.6249359183673426     
         122  -1.6249359183673426     
         123  -1.6602606122448935     
         124  -1.6400750728862932     
         125  -1.6249359183673426     
         126  -1.6400750728862932     
         127  -1.6552142274052435     
         128  -1.6602606122448935     
         129  -1.6552142274052435     
         130  -1.6905389212827944     
         131  -1.6854925364431441     
         132  -1.6905389212827944     
         133  -1.7107244606413949     
         134  -1.7258636151603453     
         135  -1.7410027696792956     
         136  -1.7662346938775464     
         137  -1.7914666180757970     
         138  -1.7813738483964967     
         139  -1.7813738483964967     
         140  -1.7662346938775464     
         141  -1.7611883090378961     
         142  -1.7864202332361467     
         143  -1.7864202332361467     
         144  -1.7965130029154470     
         145  -1.7712810787171964     
         146  -1.7561419241982461     
         147  -1.7662346938775464     
         148  -1.7611883090378961     
         149  -1.7359563848396455     
         150  -1.7510955393585959     
         151  -1.7510955393585959     
         152  -1.7611883090378961     
         153  -1.7561419241982461     
         154  -1.7662346938775464     
         155  -1.7561419241982461     
         156  -1.7763274635568465     
         157  -1.7662346938775464     
         158  -1.8015593877550973     
         159  -1.8318376967929979     
         160  -1.7965130029154470     
         161  -1.7864202332361467     
         162  -1.8116521574343976     
         163  -1.7712810787171964     
         164  -1.8066057725947473     
         165  -1.8116521574343976     
         166  -1.8217449271136976     
         167  -1.8318376967929979     
         168  -1.8066057725947473     
         169  -1.8015593877550973     
         170  -1.8116521574343976     
         171  -1.7914666180757970     
         172  -1.8066057725947473     
         173  -1.8217449271136976     
         174  -1.8015593877550973     
         175  -1.8116521574343976     
         176  -1.8217449271136976     
         177  -1.8419304664722982     
         178  -1.8772551603498491     
         179  -1.8772551603498491     
         180  -1.8722087755101990     
         181  -1.8873479300291494     
         182  -1.9075334693877499     
         183  -1.9024870845480999     
         184  -1.9024870845480999     
         185  -1.8520232361515985     
         186  -1.8570696209912487     
         187  -1.8570696209912487     
         188  -1.8823015451894993     
         189  -1.8621160058308988     
         190  -1.8621160058308988     
         191  -1.8772551603498491     
         192  -1.8823015451894993     
         193  -1.8722087755101990     
         194  -1.8621160058308988     
         195  -1.8923943148687996     
         196  -1.9075334693877499     
         197  -1.8873479300291494     
         198  -1.8923943148687996     
         199  -1.8823015451894993     
         200  -1.8570696209912487     
         201  -1.8873479300291494     
         202  -1.9176262390670502     
         203  -1.9428581632653008     
         204  -1.9327653935860005     
         205  -1.9125798542274000     
         206  -1.8923943148687996     
         207  -1.8621160058308988     
         208  -1.8722087755101990     
         209  -1.9024870845480999     
         210  -1.8823015451894993     
         211  -1.8873479300291494     
         212  -1.8772551603498491     
         213  -1.8520232361515985     
         214  -1.8419304664722982     
         215  -1.8267913119533479     
         216  -1.8621160058308988     
         217  -1.8671623906705488     
         218  -1.8419304664722982     
         219  -1.8368840816326482     
         220  -1.8318376967929979     
         221  -1.8318376967929979     
         222  -1.8318376967929979     
         223  -1.8267913119533479     
         224  -1.8570696209912487     
         225  -1.8368840816326482     
         226  -1.8621160058308988     
         227  -1.8923943148687996     
         228  -1.9024870845480999     
         229  -1.9277190087463505     
         230  -1.9327653935860005     
         231  -1.9176262390670502     
         232  -1.8823015451894993     
         233  -1.8923943148687996     
         234  -1.9125798542274000     
         235  -1.9075334693877499     
         236  -1.8974406997084496     
         237  -1.9075334693877499     
         238  -1.8873479300291494     
         239  -1.8823015451894993     
         240  -1.8873479300291494     
         241  -1.9529509329446011     
         242  -1.9226726239067002     
         243  -1.9125798542274000     
         244  -1.8873479300291494     
         245  -1.8823015451894993     
         246  -1.8772551603498491     
         247  -1.9125798542274000     
         248  -1.8823015451894993     
         249  -1.9024870845480999     
         250  -1.8772551603498491     
         251  -1.9024870845480999     
         252  -1.8923943148687996     
         253  -1.8873479300291494     
         254  -1.9075334693877499     
         255  -1.8923943148687996     
         256  -1.9176262390670502     
         257  -1.9125798542274000     
         258  -1.9428581632653008     
         259  -1.9680900874635514     
         260  -1.9579973177842511     
         261  -1.9882756268221520     
         262  -1.9731364723032017     
         263  -1.9630437026239014     
         264  -1.9781828571428517     
         265  -1.9983683965014523     
         266  -1.9630437026239014     
         267  -1.9579973177842511     
         268  -1.9933220116618022     
         269  -2.0084611661807523     
         270  -2.0437858600583034     
         271  -2.0034147813411023     
         272  -1.9933220116618022     
         273  -1.9781828571428517     
         274  -1.9731364723032017     
         275  -1.9933220116618022     
         276  -2.0135075510204028     
         277  -2.0135075510204028     
         278  -2.0236003206997029     
         279  -2.0488322448979535     
         280  -2.0236003206997029     
         281  -2.0084611661807523     
         282  -2.0084611661807523     
         283  -2.0084611661807523     
         284  -2.0286467055393529     
         285  -1.9983683965014523     
         286  -1.9781828571428517     
         287  -2.0135075510204028     
         288  -2.0286467055393529     
         289  -2.0589250145772540     
         290  -2.0690177842565540     
         291  -2.0538786297376035     
         292  -2.0286467055393529     
         293  -2.0084611661807523     
         294  -2.0336930903790034     
         295  -2.0336930903790034     
         296  -2.0387394752186534     
         297  -2.0336930903790034     
         298  -2.0740641690962041     
         299  -2.0589250145772540     
         300  -2.0892033236151546     
         301  -2.0942497084548046     
         302  -2.0942497084548046     
         303  -2.1093888629737552     
         304  -2.1093888629737552     
         305  -2.1295744023323557     
         306  -2.1295744023323557     
         307  -2.1245280174927057     
         308  -2.1497599416909563     
         309  -2.1497599416909563     
         310  -2.1648990962099064     
         311  -2.1749918658892069     
         312  -2.1800382507288569     
         313  -2.1447135568513058     
         314  -2.1800382507288569     
         315  -2.1749918658892069     
         316  -2.1396671720116558     
         317  -2.1396671720116558     
         318  -2.1447135568513058     
         319  -2.1396671720116558     
         320  -2.1447135568513058     
         321  -2.1497599416909563     
         322  -2.1648990962099064     
         323  -2.1497599416909563     
         324  -2.1598527113702564     
         325  -2.1951774052478075     
         326  -2.1951774052478075     
         327  -2.1699454810495569     
         328  -2.2052701749271075     
         329  -2.2002237900874575     
         330  -2.1548063265306063     
         331  -2.1548063265306063     
         332  -2.1497599416909563     
         333  -2.1548063265306063     
         334  -2.2052701749271075     
         335  -2.2153629446064080     
         336  -2.2103165597667576     
         337  -2.2254557142857081     
         338  -2.1749918658892069     
         339  -2.1497599416909563     
         340  -2.1144352478134052     
         341  -2.0892033236151546     
         342  -2.1144352478134052     
         343  -2.1093888629737552     
         344  -2.1295744023323557     
         345  -2.0992960932944547     
         346  -2.0942497084548046     
         347  -2.1194816326530552     
         348  -2.1043424781341051     
         349  -2.1295744023323557     
         350  -2.1548063265306063     
         351  -2.1800382507288569     
         352  -2.1648990962099064     
         353  -2.1346207871720058     
         354  -2.1245280174927057     
         355  -2.1346207871720058     
         356  -2.1396671720116558     
         357  -2.1497599416909563     
         358  -2.1295744023323557     
         359  -2.1749918658892069     
         360  -2.1951774052478075     
         361  -2.1901310204081570     
         362  -2.1699454810495569     
         363  -2.1749918658892069     
         364  -2.1598527113702564     
         365  -2.1194816326530552     
         366  -2.1548063265306063     
         367  -2.1497599416909563     
         368  -2.1648990962099064     
         369  -2.1548063265306063     
         370  -2.1548063265306063     
         371  -2.1447135568513058     
         372  -2.1800382507288569     
         373  -2.1699454810495569     
         374  -2.1548063265306063     
         375  -2.1648990962099064     
         376  -2.1699454810495569     
         377  -2.1346207871720058     
         378  -2.1093888629737552     
         379  -2.1144352478134052     
         380  -2.1043424781341051     
         381  -2.1144352478134052     
         382  -2.1295744023323557     
         383  -2.1598527113702564     
         384  -2.1648990962099064     
         385  -2.1497599416909563     
         386  -2.1800382507288569     
         387  -2.2204093294460581     
         388  -2.2052701749271075     
         389  -2.2002237900874575     
         390  -2.1850846355685070     
         391  -2.1800382507288569     
         392  -2.2052701749271075     
         393  -2.2103165597667576     
         394  -2.1951774052478075     
         395  -2.1800382507288569     
         396  -2.1901310204081570     
         397  -2.2052701749271075     
         398  -2.2002237900874575     
         399  -2.2506876384839587     
         400  -2.2456412536443087     
         401  -2.2153629446064080     
         402  -2.1850846355685070     
         403  -2.2052701749271075     
         404  -2.1951774052478075     
         405  -2.1497599416909563     
         406  -2.1548063265306063     
         407  -2.1548063265306063     
         408  -2.1800382507288569     
         409  -2.1951774052478075     
         410  -2.1901310204081570     
         411  -2.1699454810495569     
         412  -2.1951774052478075     
         413  -2.2153629446064080     
         414  -2.2456412536443087     
         415  -2.2254557142857081     
         416  -2.2254557142857081     
         417  -2.2153629446064080     
         418  -2.2405948688046586     
         419  -2.2708731778425593     
         420  -2.2759195626822093     
         421  -2.2456412536443087     
         422  -2.2305020991253581     
         423  -2.1901310204081570     
         424  -2.2405948688046586     
         425  -2.2254557142857081     
         426  -2.1901310204081570     
         427  -2.2002237900874575     
         428  -2.2305020991253581     
         429  -2.2103165597667576     
         430  -2.1951774052478075     
         431  -2.1648990962099064     
         432  -2.2103165597667576     
         433  -2.2305020991253581     
         434  -2.2557340233236087     
         435  -2.2658267930029092     
         436  -2.2305020991253581     
         437  -2.2658267930029092     
         438  -2.2607804081632592     
         439  -2.2254557142857081     
         440  -2.2103165597667576     
         441  -2.1800382507288569     
         442  -2.2254557142857081     
         443  -2.2405948688046586     
         444  -2.2506876384839587     
         445  -2.2254557142857081     
         446  -2.2910587172011598     
         447  -2.2456412536443087     
         448  -2.2557340233236087     
         449  -2.2355484839650082     
         450  -2.2506876384839587     
         451  -2.2355484839650082     
         452  -2.2305020991253581     
         453  -2.2355484839650082     
         454  -2.2557340233236087     
         455  -2.2607804081632592     
         456  -2.2607804081632592     
         457  -2.2153629446064080     
         458  -2.2254557142857081     
         459  -2.2405948688046586     
         460  -2.2305020991253581     
         461  -2.2254557142857081     
         462  -2.2405948688046586     
         463  -2.2204093294460581     
         464  -2.2204093294460581     
         465  -2.1951774052478075     
         466  -2.2204093294460581     
         467  -2.2305020991253581     
         468  -2.2405948688046586     
         469  -2.2355484839650082     
         470  -2.1951774052478075     
         471  -2.2052701749271075     
         472  -2.1850846355685070     
         473  -2.1850846355685070     
         474  -2.2153629446064080     
         475  -2.2405948688046586     
         476  -2.1800382507288569     
         477  -2.2153629446064080     
         478  -2.1901310204081570     
         479  -2.2002237900874575     
         480  -2.2153629446064080     
         481  -2.2456412536443087     
         482  -2.2305020991253581     
         483  -2.2254557142857081     
         484  -2.2204093294460581     
         485  -2.2355484839650082     
         486  -2.3011514868804599     
         487  -2.2607804081632592     
         488  -2.2607804081632592     
         489  -2.2405948688046586     
         490  -2.2254557142857081     
         491  -2.2103165597667576     
         492  -2.1901310204081570     
         493  -2.1951774052478075     
         494  -2.1800382507288569     
         495  -2.1648990962099064     
         496  -2.2002237900874575     
         497  -2.2153629446064080     
         498  -2.2153629446064080     
         499  -2.2506876384839587     
         500  -2.2002237900874575     
         501  -2.2506876384839587     
         502  -2.2405948688046586     
         503  -2.2405948688046586     
         504  -2.2355484839650082     
         505  -2.2355484839650082     
         506  -2.2456412536443087     
         507  -2.2607804081632592     
         508  -2.2607804081632592     
         509  -2.3112442565597604     
         510  -2.3516153352769611     
         511  -2.3213370262390605     
         512  -2.2910587172011598     
         513  -2.3011514868804599     
         514  -2.2910587172011598     
         515  -2.2759195626822093     
         516  -2.2961051020408099     
         517  -2.3061978717201099     
         518  -2.3162906413994104     
         519  -2.3314297959183610     
         520  -2.3667544897959116     
         521  -2.3516153352769611     
         522  -2.3162906413994104     
         523  -2.3415225655976610     
         524  -2.3364761807580110     
         525  -2.3415225655976610     
         526  -2.3566617201166116     
         527  -2.3314297959183610     
         528  -2.2860123323615098     
         529  -2.3112442565597604     
         530  -2.3263834110787105     
         531  -2.3213370262390605     
         532  -2.3768472594752121     
         533  -2.3617081049562616     
         534  -2.3314297959183610     
         535  -2.3566617201166116     
         536  -2.3415225655976610     
         537  -2.3516153352769611     
         538  -2.3364761807580110     
         539  -2.3162906413994104     
         540  -2.3263834110787105     
         541  -2.3162906413994104     
         542  -2.3415225655976610     
         543  -2.3718008746355617     
         544  -2.3768472594752121     
         545  -2.3718008746355617     
         546  -2.3566617201166116     
         547  -2.3667544897959116     
         548  -2.3566617201166116     
         549  -2.3465689504373111     
         550  -2.3112442565597604     
         551  -2.3263834110787105     
         552  -2.3314297959183610     
         553  -2.3112442565597604     
         554  -2.3667544897959116     
         555  -2.3768472594752121     
         556  -2.3516153352769611     
         557  -2.3364761807580110     
         558  -2.3465689504373111     
         559  -2.3415225655976610     
         560  -2.3263834110787105     
         561  -2.3162906413994104     
         562  -2.3162906413994104     
         563  -2.3718008746355617     
         564  -2.3465689504373111     
         565  -2.3061978717201099     
         566  -2.3162906413994104     
         567  -2.3011514868804599     
         568  -2.3263834110787105     
         569  -2.3566617201166116     
         570  -2.3516153352769611     
         571  -2.3011514868804599     
         572  -2.3213370262390605     
         573  -2.3364761807580110     
         574  -2.3566617201166116     
         575  -2.3415225655976610     
         576  -2.3213370262390605     
         577  -2.3364761807580110     
         578  -2.3566617201166116     
         579  -2.3364761807580110     
         580  -2.3566617201166116     
         581  -2.3162906413994104     
         582  -2.3112442565597604     
         583  -2.3213370262390605     
         584  -2.3263834110787105     
         585  -2.3112442565597604     
         586  -2.2961051020408099     
         587  -2.2910587172011598     
         588  -2.3162906413994104     
         589  -2.3213370262390605     
         590  -2.3617081049562616     
         591  -2.3768472594752121     
         592  -2.3718008746355617     
         593  -2.3617081049562616     
         594  -2.3768472594752121     
         595  -2.3869400291545122     
         596  -2.3818936443148622     
         597  -2.3869400291545122     
         598  -2.3566617201166116     
         599  -2.3516153352769611     
         600  -2.3364761807580110     
         601  -2.3364761807580110     
         602  -2.3516153352769611     
         603  -2.3919864139941622     
         604  -2.3465689504373111     
         605  -2.4121719533527628     
         606  -2.4222647230320633     
         607  -2.4020791836734627     
         608  -2.4071255685131128     
         609  -2.4121719533527628     
         610  -2.4172183381924128     
         611  -2.3970327988338123     
         612  -2.4020791836734627     
         613  -2.4020791836734627     
         614  -2.3617081049562616     
         615  -2.3718008746355617     
         616  -2.4121719533527628     
         617  -2.4121719533527628     
         618  -2.3869400291545122     
         619  -2.3919864139941622     
         620  -2.3617081049562616     
         621  -2.3818936443148622     
         622  -2.3818936443148622     
         623  -2.3566617201166116     
         624  -2.3667544897959116     
         625  -2.3566617201166116     
         626  -2.3617081049562616     
         627  -2.3415225655976610     
         628  -2.3667544897959116     
         629  -2.3617081049562616     
         630  -2.3919864139941622     
         631  -2.3818936443148622     
         632  -2.3617081049562616     
         633  -2.3314297959183610     
         634  -2.3667544897959116     
         635  -2.3415225655976610     
         636  -2.3465689504373111     
         637  -2.3516153352769611     
         638  -2.3263834110787105     
         639  -2.3263834110787105     
         640  -2.3415225655976610     
         641  -2.3213370262390605     
         642  -2.3415225655976610     
         643  -2.3162906413994104     
         644  -2.3314297959183610     
         645  -2.3263834110787105     
         646  -2.3314297959183610     
         647  -2.2910587172011598     
         648  -2.3112442565597604     
         649  -2.2860123323615098     
         650  -2.3213370262390605     
         651  -2.3415225655976610     
         652  -2.3818936443148622     
         653  -2.3970327988338123     
         654  -2.4172183381924128     
         655  -2.4020791836734627     
         656  -2.4172183381924128     
         657  -2.3919864139941622     
         658  -2.3768472594752121     
         659  -2.3617081049562616     
         660  -2.3818936443148622     
         661  -2.4020791836734627     
         662  -2.4121719533527628     
         663  -2.4273111078717133     
         664  -2.4323574927113634     
         665  -2.4071255685131128     
         666  -2.4222647230320633     
         667  -2.4424502623906634     
         668  -2.4374038775510134     
         669  -2.4676821865889145     
         670  -2.4878677259475146     
         671  -2.4828213411078646     
         672  -2.4525430320699639     
         673  -2.4878677259475146     
         674  -2.4727285714285645     
         675  -2.4626358017492640     
         676  -2.4929141107871651     
         677  -2.4828213411078646     
         678  -2.4828213411078646     
         679  -2.5030068804664651     
         680  -2.5433779591836663     
         681  -2.5585171137026168     
         682  -2.5534707288629663     
         683  -2.5585171137026168     
         684  -2.5383315743440162     
         685  -2.5181460349854157     
         686  -2.4828213411078646     
         687  -2.4929141107871651     
         688  -2.4878677259475146     
         689  -2.4929141107871651     
         690  -2.4929141107871651     
         691  -2.4626358017492640     
         692  -2.4929141107871651     
         693  -2.5030068804664651     
         694  -2.5030068804664651     
         695  -2.4878677259475146     
         696  -2.5030068804664651     
         697  -2.4878677259475146     
         698  -2.5130996501457656     
         699  -2.4575894169096140     
         700  -2.4575894169096140     
         701  -2.4424502623906634     
         702  -2.4323574927113634     
         703  -2.4172183381924128     
         704  -2.4172183381924128     
         705  -2.4020791836734627     
         706  -2.4222647230320633     
         707  -2.4424502623906634     
         708  -2.4676821865889145     
         709  -2.4273111078717133     
         710  -2.3718008746355617     
         711  -2.3768472594752121     
         712  -2.3768472594752121     
         713  -2.3818936443148622     
         714  -2.4323574927113634     
         715  -2.4424502623906634     
         716  -2.4323574927113634     
         717  -2.4424502623906634     
         718  -2.4626358017492640     
         719  -2.4727285714285645     
         720  -2.4626358017492640     
         721  -2.4424502623906634     
         722  -2.4273111078717133     
         723  -2.4323574927113634     
         724  -2.4172183381924128     
         725  -2.4020791836734627     
         726  -2.4323574927113634     
         727  -2.4323574927113634     
         728  -2.4424502623906634     
         729  -2.4525430320699639     
         730  -2.4727285714285645     
         731  -2.4474966472303139     
         732  -2.4222647230320633     
         733  -2.3970327988338123     
         734  -2.4323574927113634     
         735  -2.4525430320699639     
         736  -2.4424502623906634     
         737  -2.4424502623906634     
         738  -2.4727285714285645     
         739  -2.4777749562682145     
         740  -2.4929141107871651     
         741  -2.5130996501457656     
         742  -2.4929141107871651     
         743  -2.5181460349854157     
         744  -2.4929141107871651     
         745  -2.4878677259475146     
         746  -2.4777749562682145     
         747  -2.5130996501457656     
         748  -2.5130996501457656     
         749  -2.5080532653061152     
         750  -2.5332851895043658     
         751  -2.5585171137026168     
         752  -2.5686098833819169     
         753  -2.5130996501457656     
         754  -2.4828213411078646     
         755  -2.5383315743440162     
         756  -2.5181460349854157     
         757  -2.5282388046647157     
         758  -2.5332851895043658     
         759  -2.5181460349854157     
         760  -2.5332851895043658     
         761  -2.5231924198250657     
         762  -2.5282388046647157     
         763  -2.5030068804664651     
         764  -2.4828213411078646     
         765  -2.4575894169096140     
         766  -2.4676821865889145     
         767  -2.5030068804664651     
         768  -2.5080532653061152     
         769  -2.4727285714285645     
         770  -2.4878677259475146     
         771  -2.4979604956268151     
         772  -2.5181460349854157     
         773  -2.4878677259475146     
         774  -2.4676821865889145     
         775  -2.4727285714285645     
         776  -2.4626358017492640     
         777  -2.4676821865889145     
         778  -2.4777749562682145     
         779  -2.4474966472303139     
         780  -2.4575894169096140     
         781  -2.4474966472303139     
         782  -2.4575894169096140     
         783  -2.4727285714285645     
         784  -2.4828213411078646     
         785  -2.4979604956268151     
         786  -2.5030068804664651     
         787  -2.5080532653061152     
         788  -2.4979604956268151     
         789  -2.5030068804664651     
         790  -2.5231924198250657     
         791  -2.5231924198250657     
         792  -2.4929141107871651     
         793  -2.4676821865889145     
         794  -2.4676821865889145     
         795  -2.4424502623906634     
         796  -2.4676821865889145     
         797  -2.4676821865889145     
         798  -2.4727285714285645     
         799  -2.4525430320699639     
         800  -2.4777749562682145     
         801  -2.3970327988338123     
         802  -2.4474966472303139     
         803  -2.4929141107871651     
         804  -2.4979604956268151     
         805  -2.5030068804664651     
         806  -2.5080532653061152     
         807  -2.4474966472303139     
         808  -2.4222647230320633     
         809  -2.4474966472303139     
         810  -2.4323574927113634     
         811  -2.4676821865889145     
         812  -2.4323574927113634     
         813  -2.4121719533527628     
         814  -2.4020791836734627     
         815  -2.3768472594752121     
         816  -2.3718008746355617     
         817  -2.3768472594752121     
         818  -2.3617081049562616     
         819  -2.3869400291545122     
         820  -2.3617081049562616     
         821  -2.4020791836734627     
         822  -2.4474966472303139     
         823  -2.4575894169096140     
         824  -2.4172183381924128     
         825  -2.4374038775510134     
         826  -2.4323574927113634     
         827  -2.4474966472303139     
         828  -2.4424502623906634     
         829  -2.4424502623906634     
         830  -2.4727285714285645     
         831  -2.4525430320699639     
         832  -2.4828213411078646     
         833  -2.4474966472303139     
         834  -2.4676821865889145     
         835  -2.4929141107871651     
         836  -2.4828213411078646     
         837  -2.5181460349854157     
         838  -2.5130996501457656     
         839  -2.4979604956268151     
         840  -2.4828213411078646     
         841  -2.4979604956268151     
         842  -2.5534707288629663     
         843  -2.5130996501457656     
         844  -2.5181460349854157     
         845  -2.5282388046647157     
         846  -2.5433779591836663     
         847  -2.5282388046647157     
         848  -2.5332851895043658     
         849  -2.5585171137026168     
         850  -2.5736562682215669     
         851  -2.5988881924198175     
         852  -2.5585171137026168     
         853  -2.5383315743440162     
         854  -2.5635634985422668     
         855  -2.5332851895043658     
         856  -2.5383315743440162     
         857  -2.4979604956268151     
         858  -2.4626358017492640     
         859  -2.4121719533527628     
         860  -2.4172183381924128     
         861  -2.4374038775510134     
         862  -2.4525430320699639     
         863  -2.4626358017492640     
         864  -2.4676821865889145     
         865  -2.4676821865889145     
         866  -2.4575894169096140     
         867  -2.4777749562682145     
         868  -2.4979604956268151     
         869  -2.4676821865889145     
         870  -2.4777749562682145     
         871  -2.4727285714285645     
         872  -2.4575894169096140     
         873  -2.4424502623906634     
         874  -2.4474966472303139     
         875  -2.4374038775510134     
         876  -2.4273111078717133     
         877  -2.4575894169096140     
         878  -2.4525430320699639     
         879  -2.4474966472303139     
         880  -2.4374038775510134     
         881  -2.4979604956268151     
         882  -2.5181460349854157     
         883  -2.5585171137026168     
         884  -2.5837490379008674     
         885  -2.5130996501457656     
         886  -2.5484243440233163     
         887  -2.5282388046647157     
         888  -2.5686098833819169     
         889  -2.5686098833819169     
         890  -2.5635634985422668     
         891  -2.5787026530612169     
         892  -2.5938418075801675     
         893  -2.6039345772594680     
         894  -2.5332851895043658     
         895  -2.5585171137026168     
         896  -2.5282388046647157     
         897  -2.5433779591836663     
         898  -2.5332851895043658     
         899  -2.5736562682215669     
         900  -2.5787026530612169     
         901  -2.5534707288629663     
         902  -2.5736562682215669     
         903  -2.5635634985422668     
         904  -2.5383315743440162     
         905  -2.5231924198250657     
         906  -2.5837490379008674     
         907  -2.5534707288629663     
         908  -2.5736562682215669     
         909  -2.5887954227405174     
         910  -2.5585171137026168     
         911  -2.5433779591836663     
         912  -2.5383315743440162     
         913  -2.5130996501457656     
         914  -2.5282388046647157     
         915  -2.5585171137026168     
         916  -2.5787026530612169     
         917  -2.5787026530612169     
         918  -2.5585171137026168     
         919  -2.5433779591836663     
         920  -2.5635634985422668     
         921  -2.5988881924198175     
         922  -2.5837490379008674     
         923  -2.5585171137026168     
         924  -2.5534707288629663     
         925  -2.5130996501457656     
         926  -2.5181460349854157     
         927  -2.5231924198250657     
         928  -2.5433779591836663     
         929  -2.5030068804664651     
         930  -2.4878677259475146     
         931  -2.5130996501457656     
         932  -2.5282388046647157     
         933  -2.5484243440233163     
         934  -2.5686098833819169     
         935  -2.5635634985422668     
         936  -2.5484243440233163     
         937  -2.5837490379008674     
         938  -2.5736562682215669     
         939  -2.5736562682215669     
         940  -2.5534707288629663     
         941  -2.5837490379008674     
         942  -2.5938418075801675     
         943  -2.5887954227405174     
         944  -2.5787026530612169     
         945  -2.5938418075801675     
         946  -2.6140273469387680     
         947  -2.5988881924198175     
         948  -2.6039345772594680     
         949  -2.6443056559766687     
         950  -2.5887954227405174     
         951  -2.6140273469387680     
         952  -2.6493520408163191     
         953  -2.6241201166180681     
         954  -2.6039345772594680     
         955  -2.6039345772594680     
         956  -2.6190737317784181     
         957  -2.5686098833819169     
         958  -2.6039345772594680     
         959  -2.5635634985422668     
         960  -2.5938418075801675     
         961  -2.6241201166180681     
         962  -2.6342128862973686     
         963  -2.6443056559766687     
         964  -2.6493520408163191     
         965  -2.6695375801749193     
         966  -2.6594448104956192     
         967  -2.6745839650145697     
         968  -2.6695375801749193     
         969  -2.6947695043731703     
         970  -2.6947695043731703     
         971  -2.6846767346938698     
         972  -2.6947695043731703     
         973  -2.6644911953352692     
         974  -2.6947695043731703     
         975  -2.6998158892128203     
         976  -2.6947695043731703     
         977  -2.6695375801749193     
         978  -2.6796303498542198     
         979  -2.6947695043731703     
         980  -2.6796303498542198     
         981  -2.6644911953352692     
         982  -2.6594448104956192     
         983  -2.6543984256559692     
         984  -2.5837490379008674     
         985  -2.5787026530612169     
         986  -2.6291665014577186     
         987  -2.6443056559766687     
         988  -2.6291665014577186     
         989  -2.5988881924198175     
         990  -2.5938418075801675     
         991  -2.5938418075801675     
         992  -2.5837490379008674     
         993  -2.6089809620991180     
         994  -2.5787026530612169     
         995  -2.6089809620991180     
         996  -2.6089809620991180     
         997  -2.6140273469387680     
         998  -2.5787026530612169     
         999  -2.6089809620991180     
        1000  -2.6190737317784181     
        1001  -2.6190737317784181     
        1002  -2.6089809620991180     
        1003  -2.6089809620991180     
        1004  -2.6392592711370186     
        1005  -2.6089809620991180     
        1006  -2.6241201166180681     
        1007  -2.5938418075801675     
        1008  -2.6342128862973686     
        1009  -2.6241201166180681     
        1010  -2.6291665014577186     
        1011  -2.5887954227405174     
        1012  -2.5686098833819169     
        1013  -2.5433779591836663     
        1014  -2.5433779591836663     
        1015  -2.5887954227405174     
        1016  -2.6089809620991180     
        1017  -2.6392592711370186     
        1018  -2.6291665014577186     
        1019  -2.6241201166180681     
        1020  -2.5938418075801675     
        1021  -2.5938418075801675     
        1022  -2.6241201166180681     
        1023  -2.6291665014577186     
        1024  -2.6241201166180681     
        1025  -2.6443056559766687     
        1026  -2.6493520408163191     
        1027  -2.6493520408163191     
        1028  -2.6443056559766687     
        1029  -2.6796303498542198     
        1030  -2.7048622740524704     
        1031  -2.6190737317784181     
        1032  -2.6443056559766687     
        1033  -2.6998158892128203     
        1034  -2.7200014285714209     
        1035  -2.6947695043731703     
        1036  -2.7300941982507210     
        1037  -2.6998158892128203     
        1038  -2.6745839650145697     
        1039  -2.6392592711370186     
        1040  -2.6392592711370186     
        1041  -2.6342128862973686     
        1042  -2.6543984256559692     
        1043  -2.6543984256559692     
        1044  -2.6039345772594680     
        1045  -2.6241201166180681     
        1046  -2.6594448104956192     
        1047  -2.6291665014577186     
        1048  -2.5433779591836663     
        1049  -2.5433779591836663     
        1050  -2.5332851895043658     
        1051  -2.5686098833819169     
        1052  -2.5887954227405174     
        1053  -2.5837490379008674     
        1054  -2.6190737317784181     
        1055  -2.5887954227405174     
        1056  -2.5938418075801675     
        1057  -2.6039345772594680     
        1058  -2.6745839650145697     
        1059  -2.6745839650145697     
        1060  -2.6796303498542198     
        1061  -2.6543984256559692     
        1062  -2.6190737317784181     
        1063  -2.6644911953352692     
        1064  -2.6644911953352692     
        1065  -2.6695375801749193     
        1066  -2.7149550437317704     
        1067  -2.7200014285714209     
        1068  -2.7200014285714209     
        1069  -2.7200014285714209     
        1070  -2.7048622740524704     
        1071  -2.6745839650145697     
        1072  -2.6594448104956192     
        1073  -2.7048622740524704     
        1074  -2.7099086588921204     
        1075  -2.6493520408163191     
        1076  -2.6543984256559692     
        1077  -2.6342128862973686     
        1078  -2.6443056559766687     
        1079  -2.6342128862973686     
        1080  -2.6644911953352692     
        1081  -2.6644911953352692     
        1082  -2.6695375801749193     
        1083  -2.6695375801749193     
        1084  -2.6695375801749193     
        1085  -2.6897231195335198     
        1086  -2.6947695043731703     
        1087  -2.6796303498542198     
        1088  -2.7048622740524704     
        1089  -2.7351405830903710     
        1090  -2.7300941982507210     
        1091  -2.7250478134110709     
        1092  -2.7452333527696715     
        1093  -2.7200014285714209     
        1094  -2.7099086588921204     
        1095  -2.6846767346938698     
        1096  -2.6846767346938698     
        1097  -2.6190737317784181     
        1098  -2.6594448104956192     
        1099  -2.6644911953352692     
        1100  -2.6392592711370186     
        1101  -2.6897231195335198     
        1102  -2.7250478134110709     
        1103  -2.7502797376093215     
        1104  -2.7502797376093215     
        1105  -2.7502797376093215     
        1106  -2.7553261224489716     
        1107  -2.7704652769679221     
        1108  -2.7300941982507210     
        1109  -2.7401869679300215     
        1110  -2.7300941982507210     
        1111  -2.7099086588921204     
        1112  -2.6897231195335198     
        1113  -2.6947695043731703     
        1114  -2.7048622740524704     
        1115  -2.7452333527696715     
        1116  -2.7603725072886216     
        1117  -2.7351405830903710     
        1118  -2.7654188921282721     
        1119  -2.7755116618075721     
        1120  -2.7553261224489716     
        1121  -2.7351405830903710     
        1122  -2.7805580466472222     
        1123  -2.7603725072886216     
        1124  -2.7200014285714209     
        1125  -2.6947695043731703     
        1126  -2.7351405830903710     
        1127  -2.7553261224489716     
        1128  -2.7956972011661727     
        1129  -2.8108363556851232     
        1130  -2.8310218950437238     
        1131  -2.8158827405247733     
        1132  -2.8259755102040733     
        1133  -2.8259755102040733     
        1134  -2.8360682798833738     
        1135  -2.8461610495626739     
        1136  -2.7856044314868726     
        1137  -2.7704652769679221     
        1138  -2.8057899708454728     
        1139  -2.8310218950437238     
        1140  -2.8613002040816244     
        1141  -2.8814857434402250     
        1142  -2.8663465889212745     
        1143  -2.8966248979591751     
        1144  -2.8562538192419744     
        1145  -2.8713929737609245     
        1146  -2.8411146647230239     
        1147  -2.8562538192419744     
        1148  -2.8613002040816244     
        1149  -2.8764393586005750     
        1150  -2.8360682798833738     
        1151  -2.8613002040816244     
        1152  -2.8562538192419744     
        1153  -2.8764393586005750     
        1154  -2.8713929737609245     
        1155  -2.8915785131195251     
        1156  -2.8713929737609245     
        1157  -2.8865321282798750     
        1158  -2.8562538192419744     
        1159  -2.8663465889212745     
        1160  -2.8613002040816244     
        1161  -2.8915785131195251     
        1162  -2.8915785131195251     
        1163  -2.8966248979591751     
        1164  -2.8764393586005750     
        1165  -2.9319495918367262     
        1166  -2.9218568221574261     
        1167  -2.9067176676384756     
        1168  -2.8764393586005750     
        1169  -2.8613002040816244     
        1170  -2.8814857434402250     
        1171  -2.8865321282798750     
        1172  -2.8613002040816244     
        1173  -2.8865321282798750     
        1174  -2.8865321282798750     
        1175  -2.9117640524781256     
        1176  -2.9067176676384756     
        1177  -2.8966248979591751     
        1178  -2.8915785131195251     
        1179  -2.9369959766763762     
        1180  -2.9016712827988256     
        1181  -2.9269032069970762     
        1182  -2.9269032069970762     
        1183  -2.9269032069970762     
        1184  -2.9269032069970762     
        1185  -2.8865321282798750     
        1186  -2.8865321282798750     
        1187  -2.8713929737609245     
        1188  -2.8310218950437238     
        1189  -2.8360682798833738     
        1190  -2.8310218950437238     
        1191  -2.8663465889212745     
        1192  -2.8966248979591751     
        1193  -2.8663465889212745     
        1194  -2.8663465889212745     
        1195  -2.8663465889212745     
        1196  -2.8108363556851232     
        1197  -2.8411146647230239     
        1198  -2.8007435860058227     
        1199  -2.8259755102040733     
        1200  -2.8663465889212745     
