    0.003015    0.015815    0.000002
    0.006031    0.030233    0.000003
    0.009046    0.044143    0.000005
    0.012061    0.057830    0.000006
    0.015077    0.071405    0.000008
    0.018092    0.084916    0.000009
    0.021107    0.098394    0.000011
    0.024123    0.111854    0.000012
    0.027138    0.125297    0.000014
    0.030153    0.138734    0.000015
    0.033168    0.152153    0.000017
    0.036184    0.165567    0.000018
    0.039199    0.178971    0.000020
    0.042214    0.192375    0.000021
    0.045230    0.205783    0.000023
    0.048245    0.219176    0.000024
    0.051260    0.232563    0.000026
    0.054276    0.245954    0.000027
    0.057291    0.259332    0.000029
    0.060306    0.272713    0.000030
    0.063322    0.286086    0.000032
    0.066337    0.299444    0.000033
    0.069352    0.312799    0.000035
    0.072368    0.326166    0.000036
    0.075383    0.339524    0.000038
    0.078398    0.352871    0.000039
    0.081413    0.366212    0.000041
    0.084429    0.379572    0.000042
    0.087444    0.392941    0.000044
    0.090459    0.406319    0.000045
    0.093475    0.419692    0.000047
    0.096490    0.433075    0.000048
    0.099505    0.446451    0.000050
    0.102521    0.459813    0.000051
    0.105536    0.473178    0.000052
    0.108551    0.486557    0.000054
    0.111567    0.499930    0.000055
    0.114582    0.513305    0.000057
    0.117597    0.526675    0.000058
    0.120613    0.540038    0.000060
    0.123628    0.553401    0.000061
    0.126643    0.566780    0.000063
    0.129658    0.580161    0.000064
    0.132674    0.593544    0.000066
    0.135689    0.606929    0.000067
    0.138704    0.620311    0.000068
    0.141720    0.633704    0.000070
    0.144735    0.647093    0.000071
    0.147750    0.660478    0.000073
    0.150766    0.673873    0.000074
    0.153781    0.687266    0.000076
    0.156796    0.700663    0.000077
    0.159812    0.714053    0.000079
    0.162827    0.727447    0.000080
    0.165842    0.740827    0.000082
    0.168858    0.754203    0.000083
    0.171873    0.767597    0.000085
    0.174888    0.780987    0.000086
    0.177903    0.794374    0.000087
    0.180919    0.807767    0.000089
    0.183934    0.821151    0.000090
    0.186949    0.834545    0.000092
    0.189965    0.847929    0.000093
    0.192980    0.861320    0.000095
    0.195995    0.874703    0.000096
    0.199011    0.888083    0.000098
    0.202026    0.901468    0.000099
    0.205041    0.914860    0.000100
    0.208057    0.928261    0.000102
    0.211072    0.941670    0.000103
    0.214087    0.955084    0.000105
    0.217103    0.968491    0.000106
    0.220118    0.981893    0.000108
    0.223133    0.995302    0.000109
    0.226148    1.008717    0.000111
    0.229164    1.022137    0.000112
    0.232179    1.035563    0.000113
    0.235194    1.048988    0.000115
    0.238210    1.062420    0.000116
    0.241225    1.075856    0.000118
    0.244240    1.089285    0.000119
    0.247256    1.102708    0.000121
    0.250271    1.116132    0.000122
    0.253286    1.129552    0.000124
    0.256302    1.142974    0.000125
    0.259317    1.156405    0.000126
    0.262332    1.169842    0.000128
    0.265348    1.183275    0.000129
    0.268363    1.196702    0.000131
    0.271378    1.210143    0.000132
    0.274393    1.223583    0.000134
    0.277409    1.237017    0.000135
    0.280424    1.250446    0.000137
    0.283439    1.263868    0.000138
    0.286455    1.277295    0.000139
    0.289470    1.290725    0.000141
    0.292485    1.304153    0.000142
    0.295501    1.317588    0.000144
    0.298516    1.331013    0.000145
    0.301531    1.344438    0.000147
    0.304547    1.357865    0.000148
    0.307562    1.371281    0.000150
    0.310577    1.384692    0.000151
    0.313593    1.398095    0.000152
    0.316608    1.411509    0.000154
    0.319623    1.424921    0.000155
    0.322639    1.438325    0.000157
    0.325654    1.451728    0.000158
    0.328669    1.465136    0.000160
    0.331684    1.478546    0.000161
    0.334700    1.491961    0.000162
    0.337715    1.505356    0.000164
    0.340730    1.518752    0.000165
    0.343746    1.532150    0.000167
    0.346761    1.545545    0.000168
    0.349776    1.558952    0.000170
    0.352792    1.572363    0.000171
    0.355807    1.585770    0.000173
    0.358822    1.599172    0.000174
    0.361838    1.612567    0.000175
    0.364853    1.625956    0.000177
    0.367868    1.639338    0.000178
    0.370884    1.652726    0.000180
    0.373899    1.666108    0.000181
    0.376914    1.679485    0.000183
    0.379929    1.692868    0.000184
    0.382945    1.706267    0.000185
    0.385960    1.719670    0.000187
    0.388975    1.733071    0.000188
    0.391991    1.746470    0.000190
    0.395006    1.759877    0.000191
    0.398021    1.773282    0.000193
    0.401037    1.786690    0.000194
    0.404052    1.800099    0.000196
    0.407067    1.813494    0.000197
    0.410083    1.826888    0.000198
    0.413098    1.840282    0.000200
    0.416113    1.853678    0.000201
    0.419129    1.867064    0.000203
    0.422144    1.880455    0.000204
    0.425159    1.893843    0.000206
    0.428174    1.907224    0.000207
    0.431190    1.920618    0.000209
    0.434205    1.934013    0.000210
    0.437220    1.947417    0.000211
    0.440236    1.960818    0.000213
    0.443251    1.974215    0.000214
    0.446266    1.987617    0.000216
    0.449282    2.001008    0.000217
    0.452297    2.014412    0.000219
    0.455312    2.027825    0.000220
    0.458328    2.041223    0.000222
    0.461343    2.054610    0.000223
    0.464358    2.067989    0.000224
    0.467374    2.081376    0.000226
    0.470389    2.094764    0.000227
    0.473404    2.108157    0.000229
    0.476419    2.121547    0.000230
    0.479435    2.134936    0.000232
    0.482450    2.148334    0.000233
    0.485465    2.161730    0.000234
    0.488481    2.175119    0.000236
    0.491496    2.188506    0.000237
    0.494511    2.201907    0.000239
    0.497527    2.215299    0.000240
    0.500542    2.228691    0.000242
    0.503557    2.242070    0.000243
    0.506573    2.255451    0.000245
    0.509588    2.268842    0.000246
    0.512603    2.282238    0.000247
    0.515619    2.295639    0.000249
    0.518634    2.309034    0.000250
    0.521649    2.322430    0.000252
    0.524664    2.335833    0.000253
    0.527680    2.349240    0.000255
    0.530695    2.362644    0.000256
    0.533710    2.376051    0.000257
    0.536726    2.389465    0.000259
    0.539741    2.402882    0.000260
    0.542756    2.416295    0.000262
    0.545772    2.429698    0.000263
    0.548787    2.443091    0.000265
    0.551802    2.456488    0.000266
    0.554818    2.469893    0.000267
    0.557833    2.483305    0.000269
    0.560848    2.496724    0.000270
    0.563864    2.510146    0.000272
    0.566879    2.523568    0.000273
    0.569894    2.536997    0.000275
    0.572909    2.550427    0.000276
    0.575925    2.563851    0.000277
    0.578940    2.577272    0.000279
    0.581955    2.590708    0.000280
    0.584971    2.604133    0.000282
    0.587986    2.617563    0.000283
    0.591001    2.631010    0.000285
    0.594017    2.644451    0.000286
    0.597032    2.657890    0.000287
    0.600047    2.671327    0.000289
    0.603063    2.684758    0.000290
    0.606078    2.698185    0.000292
    0.609093    2.711626    0.000293
    0.612109    2.725071    0.000295
    0.615124    2.738532    0.000296
    0.618139    2.752009    0.000297
    0.621154    2.765487    0.000299
    0.624170    2.778957    0.000300
    0.627185    2.792438    0.000302
    0.630200    2.805903    0.000303
    0.633216    2.819369    0.000305
    0.636231    2.832837    0.000306
    0.639246    2.846308    0.000307
    0.642262    2.859778    0.000309
    0.645277    2.873258    0.000310
    0.648292    2.886728    0.000312
    0.651308    2.900184    0.000313
    0.654323    2.913639    0.000315
    0.657338    2.927101    0.000316
    0.660354    2.940565    0.000317
    0.663369    2.954018    0.000319
    0.666384    2.967470    0.000320
    0.669400    2.980927    0.000322
    0.672415    2.994383    0.000323
    0.675430    3.007841    0.000325
    0.678445    3.021298    0.000326
    0.681461    3.034750    0.000328
    0.684476    3.048201    0.000329
    0.687491    3.061661    0.000330
    0.690507    3.075122    0.000332
    0.693522    3.088566    0.000333
    0.696537    3.102009    0.000335
    0.699553    3.115470    0.000336
    0.702568    3.128923    0.000338
    0.705583    3.142373    0.000339
    0.708599    3.155822    0.000340
    0.711614    3.169271    0.000342
    0.714629    3.182720    0.000343
    0.717645    3.196166    0.000345
    0.720660    3.209617    0.000346
    0.723675    3.223069    0.000347
    0.726690    3.236521    0.000349
    0.729706    3.249963    0.000350
    0.732721    3.263403    0.000352
    0.735736    3.276847    0.000353
    0.738752    3.290297    0.000355
    0.741767    3.303749    0.000356
    0.744782    3.317203    0.000357
    0.747798    3.330652    0.000359
    0.750813    3.344102    0.000360
    0.753828    3.357547    0.000362
    0.756844    3.370993    0.000363
    0.759859    3.384448    0.000365
    0.762874    3.397902    0.000366
    0.765890    3.411347    0.000367
    0.768905    3.424796    0.000369
    0.771920    3.438257    0.000370
    0.774935    3.451716    0.000372
    0.777951    3.465178    0.000373
    0.780966    3.478640    0.000375
    0.783981    3.492094    0.000376
    0.786997    3.505543    0.000378
    0.790012    3.518996    0.000379
    0.793027    3.532454    0.000380
    0.796043    3.545915    0.000382
    0.799058    3.559373    0.000383
    0.802073    3.572825    0.000385
    0.805089    3.586273    0.000386
    0.808104    3.599707    0.000388
    0.811119    3.613141    0.000389
    0.814135    3.626584    0.000390
    0.817150    3.640027    0.000392
    0.820165    3.653461    0.000393
    0.823180    3.666890    0.000395
    0.826196    3.680328    0.000396
    0.829211    3.693772    0.000398
    0.832226    3.707216    0.000399
    0.835242    3.720665    0.000401
    0.838257    3.734118    0.000402
    0.841272    3.747574    0.000403
    0.844288    3.761024    0.000405
    0.847303    3.774464    0.000406
    0.850318    3.787923    0.000408
    0.853334    3.801385    0.000409
    0.856349    3.814853    0.000411
    0.859364    3.828319    0.000412
    0.862380    3.841782    0.000414
    0.865395    3.855253    0.000415
    0.868410    3.868721    0.000416
    0.871425    3.882179    0.000418
    0.874441    3.895644    0.000419
    0.877456    3.909110    0.000421
    0.880471    3.922585    0.000422
    0.883487    3.936065    0.000424
    0.886502    3.949543    0.000425
    0.889517    3.963030    0.000427
    0.892533    3.976523    0.000428
    0.895548    3.990012    0.000430
    0.898563    4.003498    0.000431
    0.901579    4.016985    0.000432
    0.904594    4.030474    0.000434
    0.907609    4.043963    0.000435
    0.910625    4.057441    0.000437
    0.913640    4.070918    0.000438
    0.916655    4.084392    0.000440
    0.919670    4.097861    0.000441
    0.922686    4.111331    0.000443
    0.925701    4.124806    0.000444
    0.928716    4.138280    0.000446
    0.931732    4.151752    0.000447
    0.934747    4.165214    0.000448
    0.937762    4.178677    0.000450
    0.940778    4.192150    0.000451
    0.943793    4.205623    0.000453
    0.946808    4.219101    0.000454
    0.949824    4.232578    0.000456
    0.952839    4.246061    0.000457
    0.955854    4.259545    0.000459
    0.958870    4.273032    0.000460
    0.961885    4.286516    0.000461
    0.964900    4.300021    0.000463
    0.967916    4.313539    0.000464
    0.970931    4.327063    0.000466
    0.973946    4.340586    0.000467
    0.976961    4.354099    0.000469
    0.979977    4.367598    0.000470
    0.982992    4.381114    0.000472
    0.986007    4.394635    0.000473
    0.989023    4.408150    0.000475
    0.992038    4.421672    0.000476
    0.995053    4.435198    0.000477
    0.998069    4.448715    0.000479
    1.001084    4.462224    0.000480
    1.004099    4.475730    0.000482
    1.007115    4.489234    0.000483
    1.010130    4.502724    0.000485
    1.013145    4.516226    0.000486
    1.016161    4.529728    0.000488
    1.019176    4.543229    0.000489
    1.022191    4.556734    0.000490
    1.025206    4.570230    0.000492
    1.028222    4.583723    0.000493
    1.031237    4.597209    0.000495
    1.034252    4.610690    0.000496
    1.037268    4.624178    0.000498
    1.040283    4.637658    0.000499
    1.043298    4.651140    0.000500
    1.046314    4.664616    0.000502
    1.049329    4.678071    0.000503
    1.052344    4.691524    0.000505
    1.055360    4.704980    0.000506
    1.058375    4.718444    0.000508
    1.061390    4.731909    0.000509
    1.064406    4.745370    0.000511
    1.067421    4.758822    0.000512
    1.070436    4.772266    0.000513
    1.073451    4.785721    0.000515
    1.076467    4.799164    0.000516
    1.079482    4.812613    0.000518
    1.082497    4.826067    0.000519
    1.085513    4.839519    0.000521
    1.088528    4.852969    0.000522
    1.091543    4.866421    0.000523
    1.094559    4.879886    0.000525
    1.097574    4.893353    0.000526
    1.100589    4.906814    0.000528
    1.103605    4.920275    0.000529
    1.106620    4.933734    0.000531
    1.109635    4.947195    0.000532
    1.112651    4.960663    0.000533
    1.115666    4.974133    0.000535
    1.118681    4.987604    0.000536
    1.121696    5.001067    0.000538
    1.124712    5.014520    0.000539
    1.127727    5.027975    0.000541
    1.130742    5.041429    0.000542
    1.133758    5.054873    0.000543
    1.136773    5.068319    0.000545
    1.139788    5.081763    0.000546
    1.142804    5.095209    0.000548
    1.145819    5.108651    0.000549
    1.148834    5.122096    0.000551
    1.151850    5.135542    0.000552
    1.154865    5.148983    0.000553
    1.157880    5.162415    0.000555
    1.160896    5.175842    0.000556
    1.163911    5.189277    0.000558
    1.166926    5.202719    0.000559
    1.169941    5.216161    0.000561
    1.172957    5.229605    0.000562
    1.175972    5.243055    0.000563
    1.178987    5.256508    0.000565
    1.182003    5.269961    0.000566
    1.185018    5.283415    0.000568
    1.188033    5.296871    0.000569
    1.191049    5.310331    0.000571
    1.194064    5.323791    0.000572
    1.197079    5.337245    0.000573
    1.200095    5.350695    0.000575
    1.203110    5.364141    0.000576
    1.206125    5.377577    0.000578
    1.209141    5.391001    0.000579
    1.212156    5.404424    0.000581
    1.215171    5.417860    0.000582
    1.218186    5.431295    0.000583
    1.221202    5.444733    0.000585
    1.224217    5.458176    0.000586
    1.227232    5.471609    0.000588
    1.230248    5.485049    0.000589
    1.233263    5.498477    0.000591
    1.236278    5.511904    0.000592
    1.239294    5.525325    0.000593
    1.242309    5.538746    0.000595
    1.245324    5.552177    0.000596
    1.248340    5.565605    0.000598
    1.251355    5.579031    0.000599
    1.254370    5.592455    0.000601
    1.257386    5.605887    0.000602
    1.260401    5.619320    0.000603
    1.263416    5.632745    0.000605
    1.266432    5.646172    0.000606
    1.269447    5.659605    0.000608
    1.272462    5.673029    0.000609
    1.275477    5.686459    0.000611
    1.278493    5.699890    0.000612
    1.281508    5.713323    0.000613
    1.284523    5.726753    0.000615
    1.287539    5.740181    0.000616
    1.290554    5.753609    0.000618
    1.293569    5.767038    0.000619
    1.296585    5.780474    0.000621
    1.299600    5.793903    0.000622
    1.302615    5.807336    0.000623
    1.305631    5.820772    0.000625
    1.308646    5.834210    0.000626
    1.311661    5.847644    0.000628
    1.314677    5.861086    0.000629
    1.317692    5.874540    0.000631
    1.320707    5.887989    0.000632
    1.323722    5.901435    0.000633
    1.326738    5.914874    0.000635
    1.329753    5.928316    0.000636
    1.332768    5.941764    0.000638
    1.335784    5.955204    0.000639
    1.338799    5.968650    0.000641
    1.341814    5.982092    0.000642
    1.344830    5.995534    0.000643
    1.347845    6.008980    0.000645
    1.350860    6.022420    0.000646
    1.353876    6.035848    0.000648
    1.356891    6.049275    0.000649
    1.359906    6.062699    0.000651
    1.362922    6.076128    0.000652
    1.365937    6.089560    0.000654
    1.368952    6.102995    0.000655
    1.371967    6.116427    0.000656
    1.374983    6.129868    0.000658
    1.377998    6.143314    0.000659
    1.381013    6.156765    0.000661
    1.384029    6.170223    0.000662
    1.387044    6.183682    0.000664
    1.390059    6.197134    0.000665
    1.393075    6.210587    0.000666
    1.396090    6.224038    0.000668
    1.399105    6.237489    0.000669
    1.402121    6.250930    0.000671
    1.405136    6.264371    0.000672
    1.408151    6.277815    0.000674
    1.411167    6.291252    0.000675
    1.414182    6.304693    0.000676
    1.417197    6.318146    0.000678
    1.420212    6.331594    0.000679
    1.423228    6.345044    0.000681
    1.426243    6.358492    0.000682
    1.429258    6.371937    0.000684
    1.432274    6.385380    0.000685
    1.435289    6.398828    0.000686
    1.438304    6.412279    0.000688
    1.441320    6.425733    0.000689
    1.444335    6.439193    0.000691
    1.447350    6.452637    0.000692
    1.450366    6.466072    0.000694
    1.453381    6.479517    0.000695
    1.456396    6.492965    0.000696
    1.459412    6.506405    0.000698
    1.462427    6.519841    0.000699
    1.465442    6.533277    0.000701
    1.468457    6.546703    0.000702
    1.471473    6.560129    0.000704
    1.474488    6.573560    0.000705
    1.477503    6.586991    0.000706
    1.480519    6.600411    0.000708
    1.483534    6.613842    0.000709
    1.486549    6.627282    0.000711
    1.489565    6.640722    0.000712
    1.492580    6.654167    0.000714
    1.495595    6.667603    0.000715
    1.498611    6.681033    0.000716
    1.501626    6.694467    0.000718
    1.504641    6.707903    0.000719
    1.507657    6.721341    0.000721
    1.510672    6.734774    0.000722
    1.513687    6.748212    0.000724
    1.516702    6.761649    0.000725
    1.519718    6.775083    0.000726
    1.522733    6.788507    0.000728
    1.525748    6.801920    0.000729
    1.528764    6.815331    0.000731
    1.531779    6.828747    0.000732
    1.534794    6.842167    0.000733
    1.537810    6.855582    0.000735
    1.540825    6.868987    0.000736
    1.543840    6.882394    0.000738
    1.546856    6.895801    0.000739
    1.549871    6.909200    0.000741
    1.552886    6.922593    0.000742
    1.555902    6.935992    0.000743
    1.558917    6.949388    0.000745
    1.561932    6.962786    0.000746
    1.564948    6.976202    0.000748
    1.567963    6.989615    0.000749
    1.570978    7.003030    0.000751
    1.573993    7.016438    0.000752
    1.577009    7.029842    0.000753
    1.580024    7.043246    0.000755
    1.583039    7.056646    0.000756
    1.586055    7.070048    0.000758
    1.589070    7.083450    0.000759
    1.592085    7.096867    0.000760
    1.595101    7.110281    0.000762
    1.598116    7.123691    0.000763
    1.601131    7.137115    0.000765
    1.604147    7.150540    0.000766
    1.607162    7.163954    0.000768
    1.610177    7.177373    0.000769
    1.613193    7.190787    0.000770
    1.616208    7.204208    0.000772
    1.619223    7.217616    0.000773
    1.622238    7.231024    0.000775
    1.625254    7.244443    0.000776
    1.628269    7.257860    0.000778
    1.631284    7.271279    0.000779
    1.634300    7.284690    0.000780
    1.637315    7.298095    0.000782
    1.640330    7.311506    0.000783
    1.643346    7.324929    0.000785
    1.646361    7.338341    0.000786
    1.649376    7.351763    0.000788
    1.652392    7.365188    0.000789
    1.655407    7.378616    0.000790
    1.658422    7.392056    0.000792
    1.661438    7.405498    0.000793
    1.664453    7.418949    0.000795
    1.667468    7.432397    0.000796
    1.670483    7.445832    0.000798
    1.673499    7.459268    0.000799
    1.676514    7.472710    0.000801
    1.679529    7.486160    0.000802
    1.682545    7.499619    0.000803
    1.685560    7.513067    0.000805
    1.688575    7.526524    0.000806
    1.691591    7.539975    0.000808
    1.694606    7.553427    0.000809
    1.697621    7.566886    0.000811
    1.700637    7.580342    0.000812
    1.703652    7.593797    0.000813
    1.706667    7.607245    0.000815
    1.709683    7.620696    0.000816
    1.712698    7.634141    0.000818
    1.715713    7.647571    0.000819
    1.718728    7.660997    0.000821
    1.721744    7.674424    0.000822
    1.724759    7.687847    0.000824
    1.727774    7.701273    0.000825
    1.730790    7.714697    0.000826
    1.733805    7.728120    0.000828
    1.736820    7.741550    0.000829
    1.739836    7.754976    0.000831
    1.742851    7.768418    0.000832
    1.745866    7.781861    0.000834
    1.748882    7.795303    0.000835
    1.751897    7.808754    0.000837
    1.754912    7.822215    0.000838
    1.757928    7.835668    0.000839
    1.760943    7.849132    0.000841
    1.763958    7.862592    0.000842
    1.766973    7.876058    0.000844
    1.769989    7.889513    0.000845
    1.773004    7.902962    0.000847
    1.776019    7.916402    0.000848
    1.779035    7.929835    0.000850
    1.782050    7.943262    0.000851
    1.785065    7.956684    0.000852
    1.788081    7.970113    0.000854
    1.791096    7.983539    0.000855
    1.794111    7.996953    0.000857
    1.797127    8.010371    0.000858
    1.800142    8.023781    0.000860
    1.803157    8.037188    0.000861
    1.806173    8.050600    0.000863
    1.809188    8.064008    0.000864
    1.812203    8.077416    0.000865
    1.815218    8.090813    0.000867
    1.818234    8.104208    0.000868
    1.821249    8.117605    0.000870
    1.824264    8.131003    0.000871
    1.827280    8.144406    0.000873
    1.830295    8.157811    0.000874
    1.833310    8.171210    0.000876
    1.836326    8.184612    0.000877
    1.839341    8.198020    0.000878
    1.842356    8.211421    0.000880
    1.845372    8.224824    0.000881
    1.848387    8.238227    0.000883
    1.851402    8.251626    0.000884
    1.854418    8.265035    0.000886
    1.857433    8.278461    0.000887
    1.860448    8.291881    0.000888
    1.863463    8.305298    0.000890
    1.866479    8.318716    0.000891
    1.869494    8.332131    0.000893
    1.872509    8.345545    0.000894
    1.875525    8.358961    0.000896
    1.878540    8.372386    0.000897
    1.881555    8.385808    0.000899
    1.884571    8.399233    0.000900
    1.887586    8.412663    0.000902
    1.890601    8.426077    0.000903
    1.893617    8.439492    0.000904
    1.896632    8.452914    0.000906
    1.899647    8.466335    0.000907
    1.902663    8.479753    0.000909
    1.905678    8.493185    0.000910
    1.908693    8.506607    0.000912
    1.911709    8.520040    0.000913
    1.914724    8.533482    0.000915
    1.917739    8.546923    0.000916
    1.920754    8.560370    0.000917
    1.923770    8.573804    0.000919
    1.926785    8.587245    0.000920
    1.929800    8.600689    0.000922
    1.932816    8.614126    0.000923
    1.935831    8.627570    0.000925
    1.938846    8.641003    0.000926
    1.941862    8.654448    0.000928
    1.944877    8.667901    0.000929
    1.947892    8.681342    0.000931
    1.950908    8.694780    0.000932
    1.953923    8.708227    0.000933
    1.956938    8.721676    0.000935
    1.959954    8.735124    0.000936
    1.962969    8.748579    0.000938
    1.965984    8.762028    0.000939
    1.968999    8.775468    0.000941
    1.972015    8.788904    0.000942
    1.975030    8.802334    0.000944
    1.978045    8.815772    0.000945
    1.981061    8.829215    0.000946
    1.984076    8.842659    0.000948
    1.987091    8.856087    0.000949
    1.990107    8.869511    0.000951
    1.993122    8.882938    0.000952
    1.996137    8.896360    0.000954
    1.999153    8.909778    0.000955
    2.002168    8.923189    0.000957
    2.005183    8.936602    0.000958
    2.008199    8.950006    0.000959
    2.011214    8.963405    0.000961
    2.014229    8.976806    0.000962
    2.017244    8.990214    0.000964
    2.020260    9.003612    0.000965
    2.023275    9.017010    0.000967
    2.026290    9.030410    0.000968
    2.029306    9.043802    0.000970
    2.032321    9.057207    0.000971
    2.035336    9.070620    0.000973
    2.038352    9.084037    0.000974
    2.041367    9.097446    0.000975
    2.044382    9.110865    0.000977
    2.047398    9.124285    0.000978
    2.050413    9.137707    0.000980
    2.053428    9.151116    0.000981
    2.056444    9.164520    0.000983
    2.059459    9.177922    0.000984
    2.062474    9.191331    0.000986
    2.065489    9.204741    0.000987
    2.068505    9.218166    0.000989
    2.071520    9.231592    0.000990
    2.074535    9.245028    0.000991
    2.077551    9.258464    0.000993
    2.080566    9.271904    0.000994
    2.083581    9.285345    0.000996
    2.086597    9.298789    0.000997
    2.089612    9.312227    0.000999
    2.092627    9.325662    0.001000
    2.095643    9.339092    0.001002
    2.098658    9.352526    0.001003
    2.101673    9.365967    0.001004
    2.104689    9.379410    0.001006
    2.107704    9.392861    0.001007
    2.110719    9.406320    0.001009
    2.113734    9.419771    0.001010
    2.116750    9.433225    0.001012
    2.119765    9.446671    0.001013
    2.122780    9.460120    0.001015
    2.125796    9.473571    0.001016
    2.128811    9.487018    0.001018
    2.131826    9.500466    0.001019
    2.134842    9.513911    0.001020
    2.137857    9.527356    0.001022
    2.140872    9.540799    0.001023
    2.143888    9.554235    0.001025
    2.146903    9.567665    0.001026
    2.149918    9.581088    0.001028
    2.152934    9.594517    0.001029
    2.155949    9.607946    0.001030
    2.158964    9.621375    0.001032
    2.161979    9.634796    0.001033
    2.164995    9.648213    0.001035
    2.168010    9.661645    0.001036
    2.171025    9.675068    0.001038
    2.174041    9.688481    0.001039
    2.177056    9.701893    0.001041
    2.180071    9.715295    0.001042
    2.183087    9.728696    0.001043
    2.186102    9.742091    0.001045
    2.189117    9.755487    0.001046
    2.192133    9.768885    0.001048
    2.195148    9.782288    0.001049
    2.198163    9.795706    0.001051
    2.201179    9.809130    0.001052
    2.204194    9.822539    0.001054
    2.207209    9.835963    0.001055
    2.210225    9.849392    0.001056
    2.213240    9.862816    0.001058
    2.216255    9.876233    0.001059
    2.219270    9.889645    0.001061
    2.222286    9.903061    0.001062
    2.225301    9.916475    0.001064
    2.228316    9.929882    0.001065
    2.231332    9.943281    0.001066
    2.234347    9.956680    0.001068
    2.237362    9.970078    0.001069
    2.240378    9.983478    0.001071
    2.243393    9.996872    0.001072
    2.246408   10.010263    0.001074
    2.249424   10.023655    0.001075
    2.252439   10.037051    0.001077
    2.255454   10.050450    0.001078
    2.258470   10.063853    0.001079
    2.261485   10.077255    0.001081
    2.264500   10.090661    0.001082
    2.267515   10.104048    0.001084
    2.270531   10.117422    0.001085
    2.273546   10.130796    0.001087
    2.276561   10.144169    0.001088
    2.279577   10.157534    0.001090
    2.282592   10.170896    0.001091
    2.285607   10.184271    0.001092
    2.288623   10.197641    0.001094
    2.291638   10.210997    0.001095
    2.294653   10.224351    0.001097
    2.297669   10.237697    0.001098
    2.300684   10.251052    0.001100
    2.303699   10.264408    0.001101
    2.306715   10.277764    0.001102
    2.309730   10.291125    0.001104
    2.312745   10.304478    0.001105
    2.315760   10.317829    0.001107
    2.318776   10.331177    0.001108
    2.321791   10.344520    0.001110
    2.324806   10.357870    0.001111
    2.327822   10.371220    0.001112
    2.330837   10.384572    0.001114
    2.333852   10.397929    0.001115
    2.336868   10.411289    0.001117
    2.339883   10.424653    0.001118
    2.342898   10.438017    0.001120
    2.345914   10.451385    0.001121
    2.348929   10.464762    0.001123
    2.351944   10.478133    0.001124
    2.354960   10.491496    0.001125
    2.357975   10.504866    0.001127
    2.360990   10.518233    0.001128
    2.364005   10.531604    0.001130
    2.367021   10.544967    0.001131
    2.370036   10.558332    0.001133
    2.373051   10.571691    0.001134
    2.376067   10.585061    0.001135
    2.379082   10.598418    0.001137
    2.382097   10.611777    0.001138
    2.385113   10.625142    0.001140
    2.388128   10.638503    0.001141
    2.391143   10.651853    0.001142
    2.394159   10.665213    0.001144
    2.397174   10.678572    0.001145
    2.400189   10.691939    0.001147
    2.403205   10.705322    0.001148
    2.406220   10.718682    0.001150
    2.409235   10.732048    0.001151
    2.412250   10.745419    0.001153
    2.415266   10.758784    0.001154
    2.418281   10.772137    0.001155
    2.421296   10.785493    0.001157
    2.424312   10.798842    0.001158
    2.427327   10.812197    0.001160
    2.430342   10.825546    0.001161
    2.433358   10.838903    0.001163
    2.436373   10.852259    0.001164
    2.439388   10.865611    0.001166
    2.442404   10.878943    0.001167
    2.445419   10.892282    0.001168
    2.448434   10.905622    0.001170
    2.451450   10.918969    0.001171
    2.454465   10.932314    0.001173
    2.457480   10.945660    0.001174
    2.460495   10.958999    0.001176
    2.463511   10.972335    0.001177
    2.466526   10.985667    0.001178
    2.469541   10.999001    0.001180
    2.472557   11.012323    0.001181
    2.475572   11.025641    0.001183
    2.478587   11.038968    0.001184
    2.481603   11.052302    0.001186
    2.484618   11.065638    0.001187
    2.487633   11.078969    0.001188
    2.490649   11.092295    0.001190
    2.493664   11.105627    0.001191
    2.496679   11.118966    0.001193
    2.499695   11.132291    0.001194
    2.502710   11.145609    0.001196
    2.505725   11.158923    0.001197
    2.508741   11.172245    0.001198
    2.511756   11.185567    0.001200
    2.514771   11.198878    0.001201
    2.517786   11.212194    0.001203
    2.520802   11.225510    0.001204
    2.523817   11.238822    0.001206
    2.526832   11.252141    0.001207
    2.529848   11.265460    0.001208
    2.532863   11.278788    0.001210
    2.535878   11.292118    0.001211
    2.538894   11.305462    0.001213
    2.541909   11.318804    0.001214
    2.544924   11.332139    0.001215
    2.547940   11.345466    0.001217
    2.550955   11.358799    0.001218
    2.553970   11.372133    0.001220
    2.556986   11.385465    0.001221
    2.560001   11.398792    0.001222
    2.563016   11.412114    0.001224
    2.566031   11.425440    0.001225
    2.569047   11.438773    0.001227
    2.572062   11.452090    0.001228
    2.575077   11.465405    0.001230
    2.578093   11.478712    0.001231
    2.581108   11.492019    0.001232
    2.584123   11.505326    0.001234
    2.587139   11.518628    0.001235
    2.590154   11.531931    0.001237
    2.593169   11.545251    0.001238
    2.596185   11.558575    0.001240
    2.599200   11.571896    0.001241
    2.602215   11.585222    0.001242
    2.605231   11.598534    0.001244
    2.608246   11.611855    0.001245
    2.611261   11.625175    0.001247
    2.614276   11.638502    0.001248
    2.617292   11.651831    0.001250
    2.620307   11.665145    0.001251
    2.623322   11.678453    0.001252
    2.626338   11.691752    0.001254
    2.629353   11.705054    0.001255
    2.632368   11.718358    0.001257
    2.635384   11.731665    0.001258
    2.638399   11.744977    0.001260
    2.641414   11.758290    0.001261
    2.644430   11.771606    0.001262
    2.647445   11.784909    0.001264
    2.650460   11.798224    0.001265
    2.653476   11.811527    0.001267
    2.656491   11.824842    0.001268
    2.659506   11.838159    0.001270
    2.662521   11.851473    0.001271
    2.665537   11.864789    0.001272
    2.668552   11.878110    0.001274
    2.671567   11.891433    0.001275
    2.674583   11.904745    0.001277
    2.677598   11.918061    0.001278
    2.680613   11.931376    0.001280
    2.683629   11.944691    0.001281
    2.686644   11.958012    0.001282
    2.689659   11.971325    0.001284
    2.692675   11.984649    0.001285
    2.695690   11.997962    0.001287
    2.698705   12.011279    0.001288
    2.701721   12.024611    0.001290
    2.704736   12.037947    0.001291
    2.707751   12.051286    0.001293
    2.710766   12.064632    0.001294
    2.713782   12.077983    0.001295
    2.716797   12.091334    0.001297
    2.719812   12.104679    0.001298
    2.722828   12.118031    0.001300
    2.725843   12.131375    0.001301
    2.728858   12.144714    0.001303
    2.731874   12.158042    0.001304
    2.734889   12.171370    0.001306
    2.737904   12.184697    0.001307
    2.740920   12.198032    0.001309
    2.743935   12.211368    0.001310
    2.746950   12.224707    0.001311
    2.749966   12.238044    0.001313
    2.752981   12.251375    0.001314
    2.755996   12.264709    0.001316
    2.759011   12.278034    0.001317
    2.762027   12.291348    0.001319
    2.765042   12.304666    0.001320
    2.768057   12.317989    0.001322
    2.771073   12.331308    0.001323
    2.774088   12.344624    0.001324
    2.777103   12.357943    0.001326
    2.780119   12.371262    0.001327
    2.783134   12.384584    0.001329
    2.786149   12.397899    0.001330
    2.789165   12.411200    0.001332
    2.792180   12.424510    0.001333
    2.795195   12.437835    0.001335
    2.798211   12.451162    0.001336
    2.801226   12.464480    0.001338
    2.804241   12.477793    0.001339
    2.807256   12.491096    0.001340
    2.810272   12.504393    0.001342
    2.813287   12.517694    0.001343
    2.816302   12.530986    0.001345
    2.819318   12.544282    0.001346
    2.822333   12.557594    0.001348
    2.825348   12.570898    0.001349
    2.828364   12.584202    0.001351
    2.831379   12.597505    0.001352
    2.834394   12.610809    0.001353
    2.837410   12.624120    0.001355
    2.840425   12.637433    0.001356
    2.843440   12.650741    0.001358
    2.846456   12.664050    0.001359
    2.849471   12.677359    0.001361
    2.852486   12.690668    0.001362
    2.855502   12.703981    0.001364
    2.858517   12.717300    0.001365
    2.861532   12.730613    0.001366
    2.864547   12.743918    0.001368
    2.867563   12.757229    0.001369
    2.870578   12.770541    0.001371
    2.873593   12.783863    0.001372
    2.876609   12.797193    0.001374
    2.879624   12.810524    0.001375
    2.882639   12.823845    0.001377
    2.885655   12.837170    0.001378
    2.888670   12.850500    0.001379
    2.891685   12.863834    0.001381
    2.894701   12.877173    0.001382
    2.897716   12.890512    0.001384
    2.900731   12.903844    0.001385
    2.903747   12.917171    0.001387
    2.906762   12.930504    0.001388
    2.909777   12.943840    0.001390
    2.912792   12.957180    0.001391
    2.915808   12.970514    0.001392
    2.918823   12.983848    0.001394
    2.921838   12.997179    0.001395
    2.924854   13.010522    0.001397
    2.927869   13.023859    0.001398
    2.930884   13.037194    0.001400
    2.933900   13.050539    0.001401
    2.936915   13.063872    0.001403
    2.939930   13.077209    0.001404
    2.942946   13.090541    0.001406
    2.945961   13.103873    0.001407
    2.948976   13.117194    0.001409
    2.951992   13.130518    0.001410
    2.955007   13.143831    0.001411
    2.958022   13.157141    0.001413
    2.961037   13.170439    0.001414
    2.964053   13.183746    0.001416
    2.967068   13.197069    0.001417
    2.970083   13.210391    0.001419
    2.973099   13.223702    0.001420
    2.976114   13.237025    0.001422
    2.979129   13.250353    0.001423
    2.982145   13.263676    0.001425
    2.985160   13.276983    0.001426
    2.988175   13.290287    0.001428
    2.991191   13.303588    0.001429
    2.994206   13.316886    0.001430
    2.997221   13.330180    0.001432
    3.000237   13.343475    0.001433
    3.003252   13.356761    0.001435
    3.006267   13.370046    0.001436
    3.009282   13.383336    0.001438
    3.012298   13.396628    0.001439
    3.015313   13.409917    0.001441
    3.018328   13.423202    0.001442
    3.021344   13.436504    0.001444
    3.024359   13.449796    0.001445
    3.027374   13.463091    0.001447
    3.030390   13.476381    0.001448
    3.033405   13.489650    0.001449
    3.036420   13.502903    0.001451
    3.039436   13.516156    0.001452
    3.042451   13.529417    0.001454
    3.045466   13.542659    0.001455
    3.048482   13.555905    0.001457
    3.051497   13.569159    0.001458
    3.054512   13.582401    0.001460
    3.057527   13.595650    0.001461
    3.060543   13.608905    0.001463
    3.063558   13.622157    0.001464
    3.066573   13.635401    0.001465
    3.069589   13.648649    0.001467
    3.072604   13.661919    0.001468
    3.075619   13.675184    0.001470
    3.078635   13.688445    0.001471
    3.081650   13.701717    0.001473
    3.084665   13.714976    0.001474
    3.087681   13.728228    0.001476
    3.090696   13.741469    0.001477
    3.093711   13.754714    0.001479
    3.096727   13.767955    0.001480
    3.099742   13.781198    0.001482
    3.102757   13.794445    0.001483
    3.105772   13.807687    0.001484
    3.108788   13.820921    0.001486
    3.111803   13.834156    0.001487
    3.114818   13.847405    0.001489
    3.117834   13.860648    0.001490
    3.120849   13.873896    0.001492
    3.123864   13.887145    0.001493
    3.126880   13.900377    0.001495
    3.129895   13.913604    0.001496
    3.132910   13.926828    0.001498
    3.135926   13.940038    0.001499
    3.138941   13.953245    0.001500
    3.141956   13.966464    0.001502
    3.144972   13.979673    0.001503
    3.147987   13.992882    0.001505
    3.151002   14.006099    0.001506
    3.154018   14.019311    0.001508
    3.157033   14.032526    0.001509
    3.160048   14.045738    0.001511
    3.163063   14.058954    0.001512
    3.166079   14.072183    0.001513
    3.169094   14.085409    0.001515
    3.172109   14.098648    0.001516
    3.175125   14.111885    0.001518
    3.178140   14.125110    0.001519
    3.181155   14.138337    0.001521
    3.184171   14.151567    0.001522
    3.187186   14.164799    0.001524
    3.190201   14.178036    0.001525
    3.193217   14.191283    0.001527
    3.196232   14.204539    0.001528
    3.199247   14.217782    0.001529
    3.202263   14.231037    0.001531
    3.205278   14.244297    0.001532
    3.208293   14.257552    0.001534
    3.211308   14.270812    0.001535
    3.214324   14.284061    0.001537
    3.217339   14.297295    0.001538
    3.220354   14.310519    0.001540
    3.223370   14.323738    0.001541
    3.226385   14.336957    0.001543
    3.229400   14.350177    0.001544
    3.232416   14.363397    0.001546
    3.235431   14.376619    0.001547
    3.238446   14.389843    0.001548
    3.241462   14.403066    0.001550
    3.244477   14.416288    0.001551
    3.247492   14.429508    0.001553
    3.250508   14.442729    0.001554
    3.253523   14.455943    0.001556
    3.256538   14.469157    0.001557
    3.259553   14.482377    0.001559
    3.262569   14.495596    0.001560
    3.265584   14.508816    0.001562
    3.268599   14.522037    0.001563
    3.271615   14.535262    0.001565
    3.274630   14.548483    0.001566
    3.277645   14.561718    0.001567
    3.280661   14.574955    0.001569
    3.283676   14.588187    0.001570
    3.286691   14.601437    0.001572
    3.289707   14.614686    0.001573
    3.292722   14.627939    0.001575
    3.295737   14.641198    0.001576
    3.298753   14.654461    0.001578
    3.301768   14.667713    0.001579
    3.304783   14.680971    0.001581
    3.307798   14.694220    0.001582
    3.310814   14.707469    0.001584
    3.313829   14.720705    0.001585
    3.316844   14.733932    0.001586
    3.319860   14.747176    0.001588
    3.322875   14.760414    0.001589
    3.325890   14.773649    0.001591
    3.328906   14.786877    0.001592
    3.331921   14.800115    0.001594
    3.334936   14.813346    0.001595
    3.337952   14.826586    0.001597
    3.340967   14.839822    0.001598
    3.343982   14.853061    0.001600
    3.346998   14.866301    0.001601
    3.350013   14.879530    0.001603
    3.353028   14.892757    0.001604
    3.356043   14.905989    0.001605
    3.359059   14.919228    0.001607
    3.362074   14.932465    0.001608
    3.365089   14.945707    0.001610
    3.368105   14.958935    0.001611
    3.371120   14.972150    0.001613
    3.374135   14.985377    0.001614
    3.377151   14.998600    0.001616
    3.380166   15.011829    0.001617
    3.383181   15.025053    0.001619
    3.386197   15.038280    0.001620
    3.389212   15.051501    0.001621
    3.392227   15.064722    0.001623
    3.395243   15.077937    0.001624
    3.398258   15.091161    0.001626
    3.401273   15.104381    0.001627
    3.404288   15.117601    0.001629
    3.407304   15.130817    0.001630
    3.410319   15.144040    0.001632
    3.413334   15.157272    0.001633
    3.416350   15.170507    0.001635
    3.419365   15.183735    0.001636
    3.422380   15.196967    0.001637
    3.425396   15.210194    0.001639
    3.428411   15.223405    0.001640
    3.431426   15.236606    0.001642
    3.434442   15.249829    0.001643
    3.437457   15.263055    0.001645
    3.440472   15.276273    0.001646
    3.443488   15.289496    0.001648
    3.446503   15.302729    0.001649
    3.449518   15.315958    0.001651
    3.452534   15.329184    0.001652
    3.455549   15.342405    0.001654
    3.458564   15.355628    0.001655
    3.461579   15.368867    0.001656
    3.464595   15.382102    0.001658
    3.467610   15.395351    0.001659
    3.470625   15.408603    0.001661
    3.473641   15.421853    0.001662
    3.476656   15.435085    0.001664
    3.479671   15.448323    0.001665
    3.482687   15.461557    0.001667
    3.485702   15.474793    0.001668
    3.488717   15.488038    0.001670
    3.491733   15.501275    0.001671
    3.494748   15.514520    0.001672
    3.497763   15.527764    0.001674
    3.500779   15.540998    0.001675
    3.503794   15.554237    0.001677
    3.506809   15.567481    0.001678
    3.509824   15.580721    0.001680
    3.512840   15.593943    0.001681
    3.515855   15.607163    0.001683
    3.518870   15.620396    0.001684
    3.521886   15.633621    0.001685
    3.524901   15.646843    0.001687
    3.527916   15.660058    0.001688
    3.530932   15.673277    0.001690
    3.533947   15.686487    0.001691
    3.536962   15.699692    0.001693
    3.539978   15.712886    0.001694
    3.542993   15.726083    0.001696
    3.546008   15.739274    0.001697
    3.549024   15.752472    0.001698
    3.552039   15.765656    0.001700
    3.555054   15.778840    0.001701
    3.558069   15.792036    0.001703
    3.561085   15.805228    0.001704
    3.564100   15.818421    0.001706
    3.567115   15.831627    0.001707
    3.570131   15.844841    0.001709
    3.573146   15.858064    0.001710
    3.576161   15.871294    0.001711
    3.579177   15.884513    0.001713
    3.582192   15.897720    0.001714
    3.585207   15.910921    0.001716
    3.588223   15.924117    0.001717
    3.591238   15.937307    0.001719
    3.594253   15.950503    0.001720
    3.597269   15.963681    0.001721
    3.600284   15.976861    0.001723
    3.603299   15.990034    0.001724
    3.606314   16.003210    0.001726
    3.609330   16.016387    0.001727
    3.612345   16.029566    0.001729
    3.615360   16.042743    0.001730
    3.618376   16.055919    0.001732
    3.621391   16.069096    0.001733
    3.624406   16.082283    0.001734
    3.627422   16.095488    0.001736
    3.630437   16.108690    0.001737
    3.633452   16.121898    0.001739
    3.636468   16.135101    0.001740
    3.639483   16.148314    0.001742
    3.642498   16.161517    0.001743
    3.645514   16.174723    0.001744
    3.648529   16.187932    0.001746
    3.651544   16.201139    0.001747
    3.654559   16.214348    0.001749
    3.657575   16.227568    0.001750
    3.660590   16.240769    0.001752
    3.663605   16.253981    0.001753
    3.666621   16.267193    0.001755
    3.669636   16.280409    0.001756
    3.672651   16.293626    0.001757
    3.675667   16.306833    0.001759
    3.678682   16.320042    0.001760
    3.681697   16.333250    0.001762
    3.684713   16.346452    0.001763
    3.687728   16.359660    0.001765
    3.690743   16.372869    0.001766
    3.693759   16.386081    0.001768
    3.696774   16.399300    0.001769
    3.699789   16.412527    0.001770
    3.702804   16.425756    0.001772
    3.705820   16.438973    0.001773
    3.708835   16.452192    0.001775
    3.711850   16.465414    0.001776
    3.714866   16.478626    0.001778
    3.717881   16.491832    0.001779
    3.720896   16.505039    0.001780
    3.723912   16.518243    0.001782
    3.726927   16.531451    0.001783
    3.729942   16.544652    0.001785
    3.732958   16.557856    0.001786
    3.735973   16.571062    0.001788
    3.738988   16.584269    0.001789
    3.742004   16.597476    0.001791
    3.745019   16.610678    0.001792
    3.748034   16.623885    0.001793
    3.751049   16.637095    0.001795
    3.754065   16.650287    0.001796
    3.757080   16.663495    0.001798
    3.760095   16.676704    0.001799
    3.763111   16.689920    0.001801
    3.766126   16.703131    0.001802
    3.769141   16.716340    0.001804
    3.772157   16.729559    0.001805
    3.775172   16.742769    0.001806
    3.778187   16.755983    0.001808
    3.781203   16.769207    0.001809
    3.784218   16.782424    0.001811
    3.787233   16.795636    0.001812
    3.790249   16.808862    0.001814
    3.793264   16.822090    0.001815
    3.796279   16.835311    0.001817
    3.799295   16.848544    0.001818
    3.802310   16.861772    0.001819
    3.805325   16.874994    0.001821
    3.808340   16.888217    0.001822
    3.811356   16.901436    0.001824
    3.814371   16.914647    0.001825
    3.817386   16.927849    0.001827
    3.820402   16.941051    0.001828
    3.823417   16.954247    0.001830
    3.826432   16.967442    0.001831
    3.829448   16.980639    0.001832
    3.832463   16.993846    0.001834
    3.835478   17.007050    0.001835
    3.838494   17.020251    0.001837
    3.841509   17.033459    0.001838
    3.844524   17.046667    0.001840
    3.847540   17.059863    0.001841
    3.850555   17.073067    0.001843
    3.853570   17.086274    0.001844
    3.856585   17.099482    0.001846
    3.859601   17.112683    0.001847
    3.862616   17.125888    0.001848
    3.865631   17.139093    0.001850
    3.868647   17.152290    0.001851
    3.871662   17.165488    0.001853
    3.874677   17.178683    0.001854
    3.877693   17.191866    0.001856
    3.880708   17.205031    0.001857
    3.883723   17.218201    0.001859
    3.886739   17.231388    0.001860
    3.889754   17.244572    0.001862
    3.892769   17.257750    0.001863
    3.895785   17.270925    0.001865
    3.898800   17.284100    0.001866
    3.901815   17.297286    0.001867
    3.904830   17.310473    0.001869
    3.907846   17.323663    0.001870
    3.910861   17.336848    0.001872
    3.913876   17.350031    0.001873
    3.916892   17.363221    0.001875
    3.919907   17.376417    0.001876
    3.922922   17.389608    0.001878
    3.925938   17.402798    0.001879
    3.928953   17.415989    0.001881
    3.931968   17.429184    0.001882
    3.934984   17.442376    0.001884
    3.937999   17.455569    0.001885
    3.941014   17.468753    0.001887
    3.944030   17.481948    0.001888
    3.947045   17.495151    0.001889
    3.950060   17.508363    0.001891
    3.953075   17.521579    0.001892
    3.956091   17.534807    0.001894
    3.959106   17.548020    0.001895
    3.962121   17.561210    0.001897
    3.965137   17.574396    0.001898
    3.968152   17.587586    0.001900
    3.971167   17.600774    0.001901
    3.974183   17.613959    0.001903
    3.977198   17.627145    0.001904
    3.980213   17.640318    0.001906
    3.983229   17.653497    0.001907
    3.986244   17.666684    0.001909
    3.989259   17.679881    0.001910
    3.992275   17.693080    0.001912
    3.995290   17.706269    0.001913
    3.998305   17.719458    0.001914
    4.001320   17.732638    0.001916
    4.004336   17.745819    0.001917
    4.007351   17.758999    0.001919
    4.010366   17.772173    0.001920
    4.013382   17.785342    0.001922
    4.016397   17.798512    0.001923
    4.019412   17.811684    0.001925
    4.022428   17.824849    0.001926
    4.025443   17.838010    0.001928
    4.028458   17.851169    0.001929
    4.031474   17.864332    0.001931
    4.034489   17.877493    0.001932
    4.037504   17.890655    0.001934
    4.040520   17.903813    0.001935
    4.043535   17.916972    0.001937
    4.046550   17.930117    0.001938
    4.049565   17.943265    0.001940
    4.052581   17.956405    0.001941
    4.055596   17.969544    0.001943
    4.058611   17.982679    0.001944
    4.061627   17.995817    0.001945
    4.064642   18.008953    0.001947
    4.067657   18.022092    0.001948
    4.070673   18.035231    0.001950
    4.073688   18.048377    0.001951
    4.076703   18.061518    0.001953
    4.079719   18.074667    0.001954
    4.082734   18.087820    0.001956
    4.085749   18.100960    0.001957
    4.088765   18.114104    0.001959
    4.091780   18.127241    0.001960
    4.094795   18.140376    0.001962
    4.097811   18.153518    0.001963
    4.100826   18.166666    0.001965
    4.103841   18.179813    0.001966
    4.106856   18.192969    0.001968
    4.109872   18.206132    0.001969
    4.112887   18.219291    0.001971
    4.115902   18.232450    0.001972
    4.118918   18.245596    0.001974
    4.121933   18.258749    0.001975
    4.124948   18.271902    0.001977
    4.127964   18.285056    0.001978
    4.130979   18.298211    0.001980
    4.133994   18.311368    0.001981
    4.137010   18.324530    0.001983
    4.140025   18.337680    0.001984
    4.143040   18.350826    0.001986
    4.146056   18.363986    0.001987
    4.149071   18.377158    0.001988
    4.152086   18.390333    0.001990
    4.155101   18.403506    0.001991
    4.158117   18.416673    0.001993
    4.161132   18.429843    0.001994
    4.164147   18.443007    0.001996
    4.167163   18.456170    0.001997
    4.170178   18.469332    0.001999
    4.173193   18.482492    0.002000
    4.176209   18.495655    0.002002
    4.179224   18.508824    0.002003
    4.182239   18.521983    0.002005
    4.185255   18.535138    0.002006
    4.188270   18.548287    0.002008
    4.191285   18.561432    0.002009
    4.194301   18.574575    0.002011
    4.197316   18.587728    0.002012
    4.200331   18.600888    0.002014
    4.203346   18.614046    0.002015
    4.206362   18.627220    0.002017
    4.209377   18.640405    0.002018
    4.212392   18.653594    0.002020
    4.215408   18.666779    0.002021
    4.218423   18.679981    0.002023
    4.221438   18.693181    0.002024
    4.224454   18.706376    0.002026
    4.227469   18.719577    0.002027
    4.230484   18.732777    0.002029
    4.233500   18.745973    0.002030
    4.236515   18.759178    0.002032
    4.239530   18.772369    0.002033
    4.242546   18.785559    0.002035
    4.245561   18.798749    0.002036
    4.248576   18.811929    0.002038
    4.251591   18.825105    0.002039
    4.254607   18.838280    0.002041
    4.257622   18.851438    0.002042
    4.260637   18.864600    0.002044
    4.263653   18.877749    0.002045
    4.266668   18.890901    0.002047
    4.269683   18.904050    0.002048
    4.272699   18.917195    0.002050
    4.275714   18.930344    0.002051
    4.278729   18.943504    0.002053
    4.281745   18.956665    0.002054
    4.284760   18.969839    0.002056
    4.287775   18.983012    0.002057
    4.290791   18.996195    0.002059
    4.293806   19.009387    0.002060
    4.296821   19.022565    0.002062
    4.299836   19.035744    0.002063
    4.302852   19.048924    0.002065
    4.305867   19.062098    0.002066
    4.308882   19.075263    0.002068
    4.311898   19.088423    0.002069
    4.314913   19.101589    0.002070
    4.317928   19.114751    0.002072
    4.320944   19.127915    0.002073
    4.323959   19.141092    0.002075
    4.326974   19.154269    0.002076
    4.329990   19.167449    0.002078
    4.333005   19.180626    0.002079
    4.336020   19.193805    0.002081
    4.339036   19.206970    0.002082
    4.342051   19.220124    0.002084
    4.345066   19.233282    0.002085
    4.348081   19.246436    0.002087
    4.351097   19.259593    0.002088
    4.354112   19.272753    0.002090
    4.357127   19.285917    0.002091
    4.360143   19.299072    0.002093
    4.363158   19.312234    0.002094
    4.366173   19.325379    0.002096
    4.369189   19.338519    0.002097
    4.372204   19.351655    0.002099
    4.375219   19.364783    0.002100
    4.378235   19.377923    0.002102
    4.381250   19.391059    0.002103
    4.384265   19.404194    0.002105
    4.387281   19.417336    0.002106
    4.390296   19.430472    0.002108
    4.393311   19.443600    0.002109
    4.396327   19.456731    0.002111
    4.399342   19.469876    0.002112
    4.402357   19.483038    0.002114
    4.405372   19.496202    0.002115
    4.408388   19.509361    0.002117
    4.411403   19.522532    0.002118
    4.414418   19.535704    0.002120
    4.417434   19.548873    0.002121
    4.420449   19.562037    0.002123
    4.423464   19.575197    0.002124
    4.426480   19.588366    0.002126
    4.429495   19.601539    0.002127
    4.432510   19.614712    0.002129
    4.435526   19.627886    0.002130
    4.438541   19.641059    0.002132
    4.441556   19.654235    0.002133
    4.444572   19.667415    0.002135
    4.447587   19.680592    0.002136
    4.450602   19.693767    0.002138
    4.453617   19.706919    0.002139
    4.456633   19.720069    0.002141
    4.459648   19.733221    0.002142
    4.462663   19.746359    0.002144
    4.465679   19.759498    0.002145
    4.468694   19.772639    0.002147
    4.471709   19.785774    0.002148
    4.474725   19.798895    0.002150
    4.477740   19.812028    0.002151
    4.480755   19.825172    0.002153
    4.483771   19.838311    0.002154
    4.486786   19.851443    0.002156
    4.489801   19.864576    0.002157
    4.492817   19.877700    0.002159
    4.495832   19.890822    0.002160
    4.498847   19.903930    0.002162
    4.501862   19.917032    0.002163
    4.504878   19.930133    0.002165
    4.507893   19.943230    0.002166
    4.510908   19.956330    0.002168
    4.513924   19.969423    0.002169
    4.516939   19.982512    0.002171
    4.519954   19.995596    0.002172
    4.522970   20.008685    0.002174
    4.525985   20.021779    0.002175
    4.529000   20.034872    0.002177
    4.532016   20.047978    0.002178
    4.535031   20.061091    0.002180
    4.538046   20.074189    0.002181
    4.541062   20.087282    0.002183
    4.544077   20.100375    0.002184
    4.547092   20.113487    0.002186
    4.550107   20.126589    0.002187
    4.553123   20.139690    0.002189
    4.556138   20.152786    0.002190
    4.559153   20.165877    0.002192
    4.562169   20.178974    0.002193
    4.565184   20.192094    0.002195
    4.568199   20.205209    0.002196
    4.571215   20.218324    0.002198
    4.574230   20.231439    0.002199
    4.577245   20.244557    0.002201
    4.580261   20.257678    0.002202
    4.583276   20.270803    0.002204
    4.586291   20.283923    0.002205
    4.589307   20.297043    0.002207
    4.592322   20.310142    0.002209
    4.595337   20.323233    0.002210
    4.598352   20.336325    0.002212
    4.601368   20.349426    0.002213
    4.604383   20.362524    0.002215
    4.607398   20.375630    0.002216
    4.610414   20.388731    0.002218
    4.613429   20.401841    0.002219
    4.616444   20.414947    0.002221
    4.619460   20.428058    0.002222
    4.622475   20.441169    0.002224
    4.625490   20.454280    0.002225
    4.628506   20.467383    0.002227
    4.631521   20.480493    0.002228
    4.634536   20.493598    0.002230
    4.637552   20.506703    0.002231
    4.640567   20.519805    0.002233
    4.643582   20.532903    0.002234
    4.646597   20.545993    0.002236
    4.649613   20.559074    0.002237
    4.652628   20.572150    0.002239
    4.655643   20.585226    0.002240
    4.658659   20.598302    0.002242
    4.661674   20.611387    0.002243
    4.664689   20.624472    0.002245
    4.667705   20.637558    0.002246
    4.670720   20.650635    0.002248
    4.673735   20.663705    0.002249
    4.676751   20.676776    0.002251
    4.679766   20.689829    0.002252
    4.682781   20.702898    0.002254
    4.685797   20.715964    0.002255
    4.688812   20.729034    0.002257
    4.691827   20.742112    0.002259
    4.694843   20.755179    0.002260
    4.697858   20.768246    0.002262
    4.700873   20.781322    0.002263
    4.703888   20.794401    0.002265
    4.706904   20.807478    0.002266
    4.709919   20.820546    0.002268
    4.712934   20.833620    0.002269
    4.715950   20.846701    0.002271
    4.718965   20.859777    0.002272
    4.721980   20.872856    0.002274
    4.724996   20.885931    0.002275
    4.728011   20.899006    0.002277
    4.731026   20.912093    0.002278
    4.734042   20.925176    0.002280
    4.737057   20.938255    0.002281
    4.740072   20.951328    0.002283
    4.743088   20.964397    0.002284
    4.746103   20.977471    0.002286
    4.749118   20.990538    0.002287
    4.752133   21.003611    0.002289
    4.755149   21.016683    0.002290
    4.758164   21.029755    0.002292
    4.761179   21.042836    0.002293
    4.764195   21.055918    0.002295
    4.767210   21.069003    0.002296
    4.770225   21.082088    0.002298
    4.773241   21.095178    0.002299
    4.776256   21.108265    0.002301
    4.779271   21.121351    0.002302
    4.782287   21.134437    0.002304
    4.785302   21.147532    0.002305
    4.788317   21.160624    0.002307
    4.791333   21.173718    0.002308
    4.794348   21.186823    0.002310
    4.797363   21.199931    0.002311
    4.800378   21.213031    0.002313
    4.803394   21.226112    0.002314
    4.806409   21.239179    0.002316
    4.809424   21.252254    0.002317
    4.812440   21.265343    0.002319
    4.815455   21.278429    0.002320
    4.818470   21.291497    0.002322
    4.821486   21.304553    0.002323
    4.824501   21.317607    0.002325
    4.827516   21.330654    0.002326
    4.830532   21.343702    0.002328
    4.833547   21.356750    0.002329
    4.836562   21.369796    0.002331
    4.839578   21.382834    0.002332
    4.842593   21.395877    0.002334
    4.845608   21.408908    0.002335
    4.848623   21.421943    0.002337
    4.851639   21.434966    0.002338
    4.854654   21.447988    0.002340
    4.857669   21.461012    0.002341
    4.860685   21.474042    0.002343
    4.863700   21.487076    0.002344
    4.866715   21.500107    0.002346
    4.869731   21.513148    0.002347
    4.872746   21.526176    0.002349
    4.875761   21.539197    0.002350
    4.878777   21.552221    0.002352
    4.881792   21.565229    0.002353
    4.884807   21.578246    0.002355
    4.887823   21.591257    0.002356
    4.890838   21.604281    0.002358
    4.893853   21.617295    0.002359
    4.896868   21.630299    0.002361
    4.899884   21.643306    0.002362
    4.902899   21.656326    0.002364
    4.905914   21.669351    0.002365
    4.908930   21.682379    0.002367
    4.911945   21.695396    0.002368
    4.914960   21.708407    0.002370
    4.917976   21.721412    0.002371
    4.920991   21.734429    0.002373
    4.924006   21.747445    0.002374
    4.927022   21.760450    0.002376
    4.930037   21.773448    0.002377
    4.933052   21.786447    0.002378
    4.936068   21.799428    0.002380
    4.939083   21.812398    0.002381
    4.942098   21.825384    0.002383
    4.945113   21.838378    0.002384
    4.948129   21.851373    0.002386
    4.951144   21.864372    0.002387
    4.954159   21.877383    0.002389
    4.957175   21.890386    0.002390
    4.960190   21.903391    0.002392
    4.963205   21.916385    0.002393
    4.966221   21.929382    0.002395
    4.969236   21.942380    0.002396
    4.972251   21.955374    0.002398
    4.975267   21.968360    0.002399
    4.978282   21.981362    0.002401
    4.981297   21.994362    0.002402
    4.984313   22.007352    0.002404
    4.987328   22.020342    0.002405
    4.990343   22.033323    0.002407
    4.993358   22.046303    0.002408
    4.996374   22.059274    0.002409
    4.999389   22.072249    0.002411
    5.002404   22.085205    0.002412
    5.005420   22.098168    0.002414
    5.008435   22.111134    0.002415
    5.011450   22.124088    0.002417
    5.014466   22.137053    0.002418
    5.017481   22.150013    0.002420
    5.020496   22.162976    0.002421
    5.023512   22.175940    0.002423
    5.026527   22.188894    0.002424
    5.029542   22.201849    0.002426
    5.032558   22.214803    0.002427
    5.035573   22.227757    0.002429
    5.038588   22.240706    0.002430
    5.041604   22.253657    0.002432
    5.044619   22.266606    0.002433
    5.047634   22.279552    0.002434
    5.050649   22.292496    0.002436
    5.053665   22.305449    0.002437
    5.056680   22.318395    0.002439
    5.059695   22.331330    0.002440
    5.062711   22.344263    0.002442
    5.065726   22.357199    0.002443
    5.068741   22.370144    0.002445
    5.071757   22.383088    0.002446
    5.074772   22.396024    0.002448
    5.077787   22.408959    0.002449
    5.080803   22.421886    0.002451
    5.083818   22.434815    0.002452
    5.086833   22.447741    0.002454
    5.089849   22.460663    0.002455
    5.092864   22.473565    0.002457
    5.095879   22.486483    0.002458
    5.098894   22.499393    0.002459
    5.101910   22.512303    0.002461
    5.104925   22.525192    0.002462
    5.107940   22.538092    0.002464
    5.110956   22.551009    0.002465
    5.113971   22.563913    0.002467
    5.116986   22.576816    0.002468
    5.120002   22.589719    0.002470
    5.123017   22.602610    0.002471
    5.126032   22.615488    0.002473
    5.129048   22.628369    0.002474
    5.132063   22.641243    0.002476
    5.135078   22.654112    0.002477
    5.138094   22.666973    0.002479
    5.141109   22.679835    0.002480
    5.144124   22.692703    0.002482
    5.147139   22.705548    0.002483
    5.150155   22.718398    0.002484
    5.153170   22.731259    0.002486
    5.156185   22.744110    0.002487
    5.159201   22.756959    0.002489
    5.162216   22.769805    0.002490
    5.165231   22.782658    0.002492
    5.168247   22.795511    0.002493
    5.171262   22.808359    0.002495
    5.174277   22.821216    0.002496
    5.177293   22.834063    0.002498
    5.180308   22.846900    0.002499
    5.183323   22.859734    0.002501
    5.186339   22.872575    0.002502
    5.189354   22.885416    0.002504
    5.192369   22.898266    0.002505
    5.195384   22.911114    0.002507
    5.198400   22.923967    0.002508
    5.201415   22.936826    0.002510
    5.204430   22.949686    0.002511
    5.207446   22.962542    0.002512
    5.210461   22.975400    0.002514
    5.213476   22.988260    0.002515
    5.216492   23.001135    0.002517
    5.219507   23.014007    0.002518
    5.222522   23.026883    0.002520
    5.225538   23.039736    0.002521
    5.228553   23.052581    0.002523
    5.231568   23.065432    0.002524
    5.234584   23.078276    0.002526
    5.237599   23.091128    0.002527
    5.240614   23.103971    0.002529
    5.243629   23.116825    0.002530
    5.246645   23.129684    0.002532
    5.249660   23.142533    0.002533
    5.252675   23.155374    0.002534
    5.255691   23.168210    0.002536
    5.258706   23.181046    0.002537
    5.261721   23.193878    0.002539
    5.264737   23.206724    0.002540
    5.267752   23.219566    0.002542
    5.270767   23.232403    0.002543
    5.273783   23.245232    0.002545
    5.276798   23.258066    0.002546
    5.279813   23.270908    0.002548
    5.282829   23.283750    0.002549
    5.285844   23.296588    0.002551
    5.288859   23.309419    0.002552
    5.291874   23.322243    0.002554
    5.294890   23.335058    0.002555
    5.297905   23.347863    0.002556
    5.300920   23.360673    0.002558
    5.303936   23.373473    0.002559
    5.306951   23.386269    0.002561
    5.309966   23.399072    0.002562
    5.312982   23.411872    0.002564
    5.315997   23.424675    0.002565
    5.319012   23.437475    0.002567
    5.322028   23.450273    0.002568
    5.325043   23.463080    0.002570
    5.328058   23.475874    0.002571
    5.331074   23.488676    0.002573
    5.334089   23.501479    0.002574
    5.337104   23.514280    0.002575
    5.340120   23.527082    0.002577
    5.343135   23.539895    0.002578
    5.346150   23.552701    0.002580
    5.349165   23.565505    0.002581
    5.352181   23.578302    0.002583
    5.355196   23.591107    0.002584
    5.358211   23.603933    0.002586
    5.361227   23.616760    0.002587
    5.364242   23.629572    0.002589
    5.367257   23.642378    0.002590
    5.370273   23.655201    0.002592
    5.373288   23.668019    0.002593
    5.376303   23.680838    0.002594
    5.379319   23.693655    0.002596
    5.382334   23.706465    0.002597
    5.385349   23.719281    0.002599
    5.388365   23.732097    0.002600
    5.391380   23.744915    0.002602
    5.394395   23.757723    0.002603
    5.397410   23.770529    0.002605
    5.400426   23.783336    0.002606
    5.403441   23.796142    0.002608
    5.406456   23.808945    0.002609
    5.409472   23.821747    0.002611
    5.412487   23.834548    0.002612
    5.415502   23.847348    0.002613
    5.418518   23.860147    0.002615
    5.421533   23.872950    0.002616
    5.424548   23.885749    0.002618
    5.427564   23.898549    0.002619
    5.430579   23.911356    0.002621
    5.433594   23.924160    0.002622
    5.436610   23.936975    0.002624
    5.439625   23.949780    0.002625
    5.442640   23.962585    0.002627
    5.445655   23.975388    0.002628
    5.448671   23.988180    0.002629
    5.451686   24.000974    0.002631
    5.454701   24.013772    0.002632
    5.457717   24.026562    0.002634
    5.460732   24.039363    0.002635
    5.463747   24.052171    0.002637
    5.466763   24.064982    0.002638
    5.469778   24.077773    0.002640
    5.472793   24.090560    0.002641
    5.475809   24.103339    0.002643
    5.478824   24.116108    0.002644
    5.481839   24.128873    0.002645
    5.484855   24.141643    0.002647
    5.487870   24.154422    0.002648
    5.490885   24.167202    0.002650
    5.493900   24.179963    0.002651
    5.496916   24.192739    0.002653
    5.499931   24.205496    0.002654
    5.502946   24.218255    0.002655
    5.505962   24.231021    0.002657
    5.508977   24.243792    0.002658
    5.511992   24.256565    0.002660
    5.515008   24.269333    0.002661
    5.518023   24.282108    0.002663
    5.521038   24.294892    0.002664
    5.524054   24.307685    0.002666
    5.527069   24.320477    0.002667
    5.530084   24.333272    0.002668
    5.533100   24.346064    0.002670
    5.536115   24.358846    0.002671
    5.539130   24.371618    0.002673
    5.542145   24.384406    0.002674
    5.545161   24.397198    0.002676
    5.548176   24.409992    0.002677
    5.551191   24.422786    0.002679
    5.554207   24.435581    0.002680
    5.557222   24.448382    0.002681
    5.560237   24.461171    0.002683
    5.563253   24.473976    0.002684
    5.566268   24.486791    0.002686
    5.569283   24.499604    0.002687
    5.572299   24.512408    0.002689
    5.575314   24.525216    0.002690
    5.578329   24.538032    0.002692
    5.581345   24.550861    0.002693
    5.584360   24.563678    0.002694
    5.587375   24.576497    0.002696
    5.590390   24.589316    0.002697
    5.593406   24.602144    0.002699
    5.596421   24.614975    0.002700
    5.599436   24.627806    0.002702
    5.602452   24.640645    0.002703
    5.605467   24.653482    0.002705
    5.608482   24.666327    0.002706
    5.611498   24.679173    0.002707
    5.614513   24.692017    0.002709
    5.617528   24.704852    0.002710
    5.620544   24.717681    0.002712
    5.623559   24.730522    0.002713
    5.626574   24.743352    0.002715
    5.629590   24.756187    0.002716
    5.632605   24.769014    0.002718
    5.635620   24.781832    0.002719
    5.638636   24.794638    0.002720
    5.641651   24.807447    0.002722
    5.644666   24.820255    0.002723
    5.647681   24.833061    0.002725
    5.650697   24.845874    0.002726
    5.653712   24.858687    0.002728
    5.656727   24.871503    0.002729
    5.659743   24.884311    0.002731
    5.662758   24.897115    0.002732
    5.665773   24.909929    0.002734
    5.668789   24.922743    0.002735
    5.671804   24.935556    0.002736
    5.674819   24.948371    0.002738
    5.677835   24.961204    0.002739
    5.680850   24.974049    0.002741
    5.683865   24.986896    0.002742
    5.686881   24.999746    0.002744
    5.689896   25.012603    0.002745
    5.692911   25.025463    0.002747
    5.695926   25.038318    0.002748
    5.698942   25.051159    0.002749
    5.701957   25.063995    0.002751
    5.704972   25.076823    0.002752
    5.707988   25.089652    0.002754
    5.711003   25.102488    0.002755
    5.714018   25.115323    0.002757
    5.717034   25.128144    0.002758
    5.720049   25.140974    0.002760
    5.723064   25.153812    0.002761
    5.726080   25.166659    0.002763
    5.729095   25.179495    0.002764
    5.732110   25.192337    0.002765
    5.735126   25.205186    0.002767
    5.738141   25.218040    0.002768
    5.741156   25.230889    0.002770
    5.744171   25.243743    0.002771
    5.747187   25.256619    0.002773
    5.750202   25.269495    0.002774
    5.753217   25.282366    0.002776
    5.756233   25.295230    0.002777
    5.759248   25.308083    0.002779
    5.762263   25.320940    0.002780
    5.765279   25.333790    0.002781
    5.768294   25.346655    0.002783
    5.771309   25.359523    0.002784
    5.774325   25.372400    0.002786
    5.777340   25.385265    0.002787
    5.780355   25.398130    0.002789
    5.783371   25.410994    0.002790
    5.786386   25.423864    0.002792
    5.789401   25.436733    0.002793
    5.792416   25.449593    0.002795
    5.795432   25.462458    0.002796
    5.798447   25.475327    0.002798
    5.801462   25.488197    0.002799
    5.804478   25.501069    0.002800
    5.807493   25.513948    0.002802
    5.810508   25.526828    0.002803
    5.813524   25.539722    0.002805
    5.816539   25.552600    0.002806
    5.819554   25.565484    0.002808
    5.822570   25.578381    0.002809
    5.825585   25.591280    0.002811
    5.828600   25.604174    0.002812
    5.831616   25.617071    0.002814
    5.834631   25.629963    0.002815
    5.837646   25.642864    0.002817
    5.840661   25.655767    0.002818
    5.843677   25.668675    0.002820
    5.846692   25.681586    0.002821
    5.849707   25.694503    0.002822
    5.852723   25.707415    0.002824
    5.855738   25.720326    0.002825
    5.858753   25.733241    0.002827
    5.861769   25.746150    0.002828
    5.864784   25.759060    0.002830
    5.867799   25.771975    0.002831
    5.870815   25.784896    0.002833
    5.873830   25.797813    0.002834
    5.876845   25.810717    0.002836
    5.879861   25.823622    0.002837
    5.882876   25.836517    0.002839
    5.885891   25.849396    0.002840
    5.888906   25.862276    0.002842
    5.891922   25.875162    0.002843
    5.894937   25.888062    0.002845
    5.897952   25.900960    0.002846
    5.900968   25.913857    0.002848
    5.903983   25.926757    0.002849
    5.906998   25.939635    0.002851
    5.910014   25.952515    0.002852
    5.913029   25.965389    0.002854
    5.916044   25.978265    0.002855
    5.919060   25.991151    0.002856
    5.922075   26.004032    0.002858
    5.925090   26.016920    0.002859
    5.928106   26.029802    0.002861
    5.931121   26.042688    0.002862
    5.934136   26.055576    0.002864
    5.937151   26.068448    0.002865
    5.940167   26.081316    0.002867
    5.943182   26.094184    0.002868
    5.946197   26.107034    0.002870
    5.949213   26.119877    0.002871
    5.952228   26.132718    0.002873
    5.955243   26.145558    0.002874
    5.958259   26.158413    0.002876
    5.961274   26.171272    0.002877
    5.964289   26.184116    0.002879
    5.967305   26.196965    0.002880
    5.970320   26.209809    0.002881
    5.973335   26.222662    0.002883
    5.976351   26.235519    0.002884
    5.979366   26.248386    0.002886
    5.982381   26.261255    0.002887
    5.985397   26.274132    0.002889
    5.988412   26.286999    0.002890
    5.991427   26.299875    0.002892
    5.994442   26.312762    0.002893
    5.997458   26.325659    0.002895
    6.000473   26.338561    0.002896
    6.003488   26.351467    0.002898
    6.006504   26.364377    0.002899
    6.009519   26.377291    0.002900
    6.012534   26.390196    0.002902
    6.015550   26.403095    0.002903
    6.018565   26.415997    0.002905
    6.021580   26.428890    0.002906
    6.024596   26.441784    0.002908
    6.027611   26.454666    0.002909
    6.030626   26.467544    0.002911
    6.033642   26.480432    0.002912
    6.036657   26.493317    0.002914
    6.039672   26.506204    0.002915
    6.042687   26.519096    0.002917
    6.045703   26.532002    0.002918
    6.048718   26.544900    0.002920
    6.051733   26.557814    0.002921
    6.054749   26.570720    0.002923
    6.057764   26.583617    0.002924
    6.060779   26.596516    0.002926
    6.063795   26.609416    0.002927
    6.066810   26.622304    0.002929
    6.069825   26.635186    0.002930
    6.072841   26.648074    0.002932
    6.075856   26.660977    0.002933
    6.078871   26.673885    0.002934
    6.081887   26.686787    0.002936
    6.084902   26.699675    0.002937
    6.087917   26.712574    0.002939
    6.090932   26.725476    0.002940
    6.093948   26.738377    0.002942
    6.096963   26.751277    0.002943
    6.099978   26.764177    0.002945
    6.102994   26.777072    0.002946
    6.106009   26.789971    0.002948
    6.109024   26.802867    0.002949
    6.112040   26.815777    0.002951
    6.115055   26.828691    0.002952
    6.118070   26.841610    0.002954
    6.121086   26.854521    0.002955
    6.124101   26.867439    0.002957
    6.127116   26.880359    0.002958
    6.130132   26.893270    0.002960
    6.133147   26.906183    0.002961
    6.136162   26.919095    0.002963
    6.139177   26.932005    0.002964
    6.142193   26.944923    0.002966
    6.145208   26.957831    0.002967
    6.148223   26.970745    0.002969
    6.151239   26.983667    0.002970
    6.154254   26.996581    0.002972
    6.157269   27.009500    0.002973
    6.160285   27.022399    0.002975
    6.163300   27.035289    0.002976
    6.166315   27.048176    0.002978
    6.169331   27.061072    0.002979
    6.172346   27.073975    0.002981
    6.175361   27.086877    0.002982
    6.178377   27.099784    0.002984
    6.181392   27.112702    0.002985
    6.184407   27.125641    0.002987
    6.187422   27.138566    0.002988
    6.190438   27.151498    0.002990
    6.193453   27.164416    0.002991
    6.196468   27.177339    0.002993
    6.199484   27.190275    0.002994
    6.202499   27.203212    0.002996
    6.205514   27.216160    0.002997
    6.208530   27.229102    0.002999
    6.211545   27.242039    0.003000
    6.214560   27.254974    0.003002
    6.217576   27.267918    0.003003
    6.220591   27.280858    0.003005
    6.223606   27.293800    0.003006
    6.226622   27.306756    0.003008
    6.229637   27.319719    0.003009
    6.232652   27.332693    0.003011
    6.235667   27.345669    0.003012
    6.238683   27.358634    0.003014
    6.241698   27.371602    0.003015
    6.244713   27.384557    0.003017
    6.247729   27.397515    0.003018
    6.250744   27.410488    0.003020
    6.253759   27.423480    0.003021
    6.256775   27.436474    0.003023
    6.259790   27.449474    0.003024
    6.262805   27.462473    0.003026
    6.265821   27.475474    0.003027
    6.268836   27.488466    0.003029
    6.271851   27.501462    0.003030
    6.274867   27.514467    0.003032
    6.277882   27.527470    0.003033
    6.280897   27.540473    0.003035
    6.283913   27.553483    0.003036
    6.286928   27.566489    0.003038
    6.289943   27.579497    0.003039
    6.292958   27.592500    0.003041
    6.295974   27.605497    0.003042
    6.298989   27.618497    0.003044
    6.302004   27.631498    0.003045
    6.305020   27.644503    0.003047
    6.308035   27.657499    0.003048
    6.311050   27.670512    0.003050
    6.314066   27.683526    0.003051
    6.317081   27.696549    0.003053
    6.320096   27.709559    0.003054
    6.323112   27.722556    0.003056
    6.326127   27.735563    0.003057
    6.329142   27.748565    0.003059
    6.332158   27.761562    0.003060
    6.335173   27.774559    0.003062
    6.338188   27.787558    0.003063
    6.341203   27.800558    0.003065
    6.344219   27.813552    0.003066
    6.347234   27.826533    0.003068
    6.350249   27.839501    0.003069
    6.353265   27.852479    0.003071
    6.356280   27.865460    0.003072
    6.359295   27.878435    0.003074
    6.362311   27.891406    0.003076
    6.365326   27.904381    0.003077
    6.368341   27.917346    0.003079
    6.371357   27.930320    0.003080
    6.374372   27.943289    0.003082
    6.377387   27.956265    0.003083
    6.380403   27.969247    0.003085
    6.383418   27.982208    0.003086
    6.386433   27.995160    0.003088
    6.389448   28.008115    0.003089
    6.392464   28.021063    0.003091
    6.395479   28.034012    0.003092
    6.398494   28.046957    0.003094
    6.401510   28.059901    0.003095
    6.404525   28.072847    0.003097
    6.407540   28.085782    0.003098
    6.410556   28.098715    0.003100
    6.413571   28.111648    0.003101
    6.416586   28.124581    0.003103
    6.419602   28.137510    0.003104
    6.422617   28.150440    0.003106
    6.425632   28.163379    0.003107
    6.428648   28.176309    0.003109
    6.431663   28.189225    0.003110
    6.434678   28.202139    0.003112
    6.437693   28.215060    0.003113
    6.440709   28.227997    0.003115
    6.443724   28.240939    0.003116
    6.446739   28.253867    0.003118
    6.449755   28.266798    0.003119
    6.452770   28.279744    0.003121
    6.455785   28.292670    0.003122
    6.458801   28.305600    0.003124
    6.461816   28.318536    0.003125
    6.464831   28.331467    0.003127
    6.467847   28.344386    0.003128
    6.470862   28.357303    0.003130
    6.473877   28.370212    0.003131
    6.476893   28.383116    0.003133
    6.479908   28.396019    0.003134
    6.482923   28.408929    0.003136
    6.485938   28.421840    0.003137
    6.488954   28.434757    0.003139
    6.491969   28.447673    0.003140
    6.494984   28.460587    0.003142
    6.498000   28.473506    0.003143
    6.501015   28.486421    0.003145
    6.504030   28.499327    0.003146
    6.507046   28.512254    0.003148
    6.510061   28.525170    0.003149
    6.513076   28.538096    0.003151
    6.516092   28.551025    0.003152
    6.519107   28.563958    0.003154
    6.522122   28.576907    0.003156
    6.525138   28.589847    0.003157
    6.528153   28.602791    0.003159
    6.531168   28.615716    0.003160
    6.534183   28.628636    0.003162
    6.537199   28.641559    0.003163
    6.540214   28.654473    0.003165
    6.543229   28.667377    0.003166
    6.546245   28.680289    0.003168
    6.549260   28.693193    0.003169
    6.552275   28.706095    0.003171
    6.555291   28.719005    0.003172
    6.558306   28.731909    0.003174
    6.561321   28.744817    0.003175
    6.564337   28.757719    0.003177
    6.567352   28.770613    0.003178
    6.570367   28.783513    0.003180
    6.573383   28.796410    0.003181
    6.576398   28.809310    0.003183
    6.579413   28.822185    0.003184
    6.582429   28.835058    0.003186
    6.585444   28.847928    0.003187
    6.588459   28.860800    0.003189
    6.591474   28.873675    0.003190
    6.594490   28.886544    0.003192
    6.597505   28.899415    0.003193
    6.600520   28.912286    0.003195
    6.603536   28.925154    0.003196
    6.606551   28.938031    0.003198
    6.609566   28.950907    0.003199
    6.612582   28.963779    0.003201
    6.615597   28.976655    0.003202
    6.618612   28.989535    0.003204
    6.621628   29.002410    0.003205
    6.624643   29.015288    0.003207
    6.627658   29.028161    0.003208
    6.630674   29.041042    0.003210
    6.633689   29.053920    0.003211
    6.636704   29.066813    0.003213
    6.639719   29.079700    0.003214
    6.642735   29.092595    0.003216
    6.645750   29.105487    0.003217
    6.648765   29.118380    0.003218
    6.651781   29.131268    0.003220
    6.654796   29.144154    0.003221
    6.657811   29.157054    0.003223
    6.660827   29.169950    0.003224
    6.663842   29.182865    0.003226
    6.666857   29.195784    0.003227
    6.669873   29.208698    0.003229
    6.672888   29.221618    0.003230
    6.675903   29.234549    0.003232
    6.678919   29.247488    0.003233
    6.681934   29.260425    0.003235
    6.684949   29.273355    0.003236
    6.687964   29.286296    0.003238
    6.690980   29.299230    0.003239
    6.693995   29.312165    0.003241
    6.697010   29.325106    0.003243
    6.700026   29.338039    0.003244
    6.703041   29.350978    0.003246
    6.706056   29.363931    0.003247
    6.709072   29.376875    0.003249
    6.712087   29.389800    0.003250
    6.715102   29.402727    0.003252
    6.718118   29.415653    0.003253
    6.721133   29.428574    0.003255
    6.724148   29.441500    0.003256
    6.727164   29.454441    0.003258
    6.730179   29.467385    0.003259
    6.733194   29.480333    0.003261
    6.736209   29.493279    0.003262
    6.739225   29.506234    0.003264
    6.742240   29.519183    0.003265
    6.745255   29.532130    0.003267
    6.748271   29.545091    0.003268
    6.751286   29.558049    0.003270
    6.754301   29.571002    0.003271
    6.757317   29.583964    0.003273
    6.760332   29.596919    0.003274
    6.763347   29.609861    0.003276
    6.766363   29.622814    0.003277
    6.769378   29.635780    0.003279
    6.772393   29.648740    0.003280
    6.775409   29.661713    0.003282
    6.778424   29.674666    0.003283
    6.781439   29.687609    0.003285
    6.784454   29.700552    0.003286
    6.787470   29.713489    0.003288
    6.790485   29.726426    0.003289
    6.793500   29.739354    0.003291
    6.796516   29.752276    0.003292
    6.799531   29.765201    0.003294
    6.802546   29.778119    0.003295
    6.805562   29.791051    0.003297
    6.808577   29.803975    0.003298
    6.811592   29.816908    0.003300
    6.814608   29.829839    0.003302
    6.817623   29.842768    0.003303
    6.820638   29.855701    0.003305
    6.823654   29.868620    0.003306
    6.826669   29.881527    0.003308
    6.829684   29.894443    0.003309
    6.832699   29.907367    0.003311
    6.835715   29.920288    0.003312
    6.838730   29.933209    0.003314
    6.841745   29.946141    0.003315
    6.844761   29.959065    0.003317
    6.847776   29.971980    0.003318
    6.850791   29.984897    0.003320
    6.853807   29.997814    0.003321
    6.856822   30.010744    0.003323
    6.859837   30.023668    0.003324
    6.862853   30.036591    0.003326
    6.865868   30.049506    0.003327
    6.868883   30.062411    0.003329
    6.871899   30.075324    0.003330
    6.874914   30.088251    0.003332
    6.877929   30.101164    0.003334
    6.880945   30.114084    0.003335
    6.883960   30.126995    0.003337
    6.886975   30.139904    0.003338
    6.889990   30.152816    0.003340
    6.893006   30.165721    0.003341
    6.896021   30.178624    0.003343
    6.899036   30.191520    0.003344
    6.902052   30.204421    0.003346
    6.905067   30.217320    0.003347
    6.908082   30.230237    0.003349
    6.911098   30.243161    0.003350
    6.914113   30.256089    0.003352
    6.917128   30.269015    0.003353
    6.920144   30.281948    0.003355
    6.923159   30.294882    0.003356
    6.926174   30.307804    0.003358
    6.929190   30.320745    0.003359
    6.932205   30.333695    0.003361
    6.935220   30.346661    0.003362
    6.938235   30.359633    0.003364
    6.941251   30.372597    0.003365
    6.944266   30.385547    0.003367
    6.947281   30.398495    0.003368
    6.950297   30.411435    0.003370
    6.953312   30.424378    0.003371
    6.956327   30.437326    0.003373
    6.959343   30.450280    0.003375
    6.962358   30.463233    0.003376
    6.965373   30.476199    0.003378
    6.968389   30.489156    0.003379
    6.971404   30.502113    0.003381
    6.974419   30.515072    0.003382
    6.977435   30.528031    0.003384
    6.980450   30.540972    0.003385
    6.983465   30.553941    0.003387
    6.986480   30.566909    0.003388
    6.989496   30.579869    0.003390
    6.992511   30.592828    0.003391
    6.995526   30.605793    0.003393
    6.998542   30.618756    0.003394
    7.001557   30.631707    0.003396
    7.004572   30.644666    0.003398
    7.007588   30.657619    0.003399
    7.010603   30.670573    0.003401
    7.013618   30.683540    0.003402
    7.016634   30.696514    0.003404
    7.019649   30.709489    0.003405
    7.022664   30.722474    0.003407
    7.025680   30.735458    0.003408
    7.028695   30.748425    0.003410
