 excess energy/kTN=  -497.02620884391564     
 sigma(excess energy/kTN)=  0.19006159853535687     
    0.008682    0.000000
    0.026047    0.000000
    0.043412    0.000000
    0.060776    0.000000
    0.078141    0.000000
    0.095506    0.000000
    0.112870    0.000000
    0.130235    0.000000
    0.147600    0.000000
    0.164964    0.000000
    0.182329    0.000000
    0.199694    0.000000
    0.217058    0.000000
    0.234423    0.000000
    0.251788    0.000000
    0.269152    0.000000
    0.286517    0.000000
    0.303881    0.000000
    0.321246    0.000000
    0.338611    0.000000
    0.355975    0.000000
    0.373340    0.000000
    0.390705    0.000000
    0.408069    0.000000
    0.425434    0.000000
    0.442799    0.000000
    0.460163    0.000000
    0.477528    0.000000
    0.494893    0.000000
    0.512257    0.000000
    0.529622    0.000000
    0.546987    0.000000
    0.564351    0.000000
    0.581716    0.000000
    0.599081    0.000000
    0.616445    0.000000
    0.633810    0.000000
    0.651175    0.000000
    0.668539    0.000000
    0.685904    0.000000
    0.703269    0.000000
    0.720633    0.000000
    0.737998    0.000000
    0.755363    0.000000
    0.772727    0.000000
    0.790092    0.000000
    0.807457    0.000000
    0.824821    0.000000
    0.842186    0.000000
    0.859551    0.000000
    0.876915    0.000000
    0.894280    0.000000
    0.911644    0.000000
    0.929009    0.000000
    0.946374    0.000000
    0.963738    0.000008
    0.981103    0.073695
    0.998468    1.428585
    1.015832    3.062057
    1.033197    3.204769
    1.050562    3.191236
    1.067926    3.188762
    1.085291    3.167131
    1.102656    3.157853
    1.120020    3.140062
    1.137385    3.121704
    1.154750    3.109269
    1.172114    3.100407
    1.189479    3.101621
    1.206844    3.083379
    1.224208    3.085955
    1.241573    2.920198
    1.258938    0.771395
    1.276302    0.665395
    1.293667    0.858026
    1.311032    0.897056
    1.328396    0.902185
    1.345761    0.901028
    1.363126    0.898014
    1.380490    0.896892
    1.397855    0.901950
    1.415220    0.904423
    1.432584    0.902135
    1.449949    0.907616
    1.467314    0.907128
    1.484678    0.914266
    1.502043    0.915168
    1.519407    0.918269
    1.536772    0.922134
    1.554137    0.928553
    1.571501    0.928748
    1.588866    0.934197
    1.606231    0.938419
    1.623595    0.944553
    1.640960    0.948419
    1.658325    0.957653
    1.675689    0.960752
    1.693054    0.967134
    1.710419    0.975555
    1.727783    0.985518
    1.745148    0.993195
    1.762513    1.004314
    1.779877    1.011968
    1.797242    1.023024
    1.814607    1.030728
    1.831971    1.043335
    1.849336    1.053416
    1.866701    1.064882
    1.884065    1.071643
    1.901430    1.086162
    1.918795    1.093218
    1.936159    1.102299
    1.953524    1.108788
    1.970889    1.117851
    1.988253    1.125888
    2.005618    1.131972
    2.022983    1.138053
    2.040347    1.142122
    2.057712    1.146978
    2.075077    1.145301
    2.092441    1.148360
    2.109806    1.148847
    2.127170    1.146757
    2.144535    1.141957
    2.161900    1.136833
    2.179264    1.131007
    2.196629    1.120635
    2.213994    1.111790
    2.231358    1.095594
    2.248723    1.084374
    2.266088    1.069027
    2.283452    1.057618
    2.300817    1.044554
    2.318182    1.033814
    2.335546    1.024455
    2.352911    1.016017
    2.370276    1.011583
    2.387640    1.002932
    2.405005    0.999219
    2.422370    0.994612
    2.439734    0.992030
    2.457099    0.989761
    2.474464    0.989718
    2.491828    0.988086
    2.509193    0.990929
    2.526558    0.992332
    2.543922    0.992649
    2.561287    0.993645
    2.578652    0.993360
    2.596016    0.997331
    2.613381    0.996247
    2.630746    0.998270
    2.648110    1.000388
    2.665475    1.002949
    2.682839    1.003059
    2.700204    1.005370
    2.717569    1.005740
    2.734933    1.005724
    2.752298    1.007240
    2.769663    1.007374
    2.787027    1.011322
    2.804392    1.011534
    2.821757    1.010904
    2.839121    1.012233
    2.856486    1.012638
    2.873851    1.013993
    2.891215    1.015720
    2.908580    1.014878
    2.925945    1.013618
    2.943309    1.016027
    2.960674    1.014650
    2.978039    1.015924
    2.995403    1.015028
    3.012768    1.015173
    3.030133    1.014895
    3.047497    1.014789
    3.064862    1.013411
    3.082227    1.013784
    3.099591    1.010945
    3.116956    1.010168
    3.134321    1.010558
    3.151685    1.008447
    3.169050    1.008238
    3.186415    1.007498
    3.203779    1.007767
    3.221144    1.005868
    3.238509    1.002869
    3.255873    1.001562
    3.273238    1.002539
    3.290602    1.001164
    3.307967    0.999171
    3.325332    1.000161
    3.342696    0.999100
    3.360061    0.998227
    3.377426    0.997379
    3.394790    0.996638
    3.412155    0.994954
    3.429520    0.995617
    3.446884    0.995008
    3.464249    0.995285
    3.481614    0.994535
    3.498978    0.994961
    3.516343    0.993690
    3.533708    0.994524
    3.551072    0.992932
    3.568437    0.993866
    3.585802    0.994357
    3.603166    0.994664
    3.620531    0.994530
    3.637896    0.995272
    3.655260    0.994543
    3.672625    0.995777
    3.689990    0.995438
    3.707354    0.996061
    3.724719    0.995461
    3.742084    0.996483
    3.759448    0.996097
    3.776813    0.995282
    3.794178    0.995416
    3.811542    0.996926
    3.828907    0.995668
    3.846272    0.996532
    3.863636    0.996146
    3.881001    0.995046
    3.898365    0.996733
    3.915730    0.996174
    3.933095    0.996321
    3.950459    0.994860
    3.967824    0.996102
    3.985189    0.995023
    4.002553    0.995379
    4.019918    0.994550
    4.037283    0.995319
    4.054647    0.993138
    4.072012    0.994484
    4.089377    0.993467
    4.106741    0.993602
    4.124106    0.991921
    4.141471    0.992831
    4.158835    0.992508
    4.176200    0.993415
    4.193565    0.992724
    4.210929    0.993123
    4.228294    0.992157
    4.245659    0.992746
    4.263023    0.991210
    4.280388    0.992399
    4.297753    0.992444
    4.315117    0.990641
    4.332482    0.991916
    4.349847    0.992048
    4.367211    0.991506
    4.384576    0.989626
    4.401941    0.991321
    4.419305    0.991158
    4.436670    0.990014
    4.454035    0.991107
    4.471399    0.991722
    4.488764    0.990716
    4.506128    0.991523
    4.523493    0.991020
    4.540858    0.989684
    4.558222    0.990343
    4.575587    0.989997
    4.592952    0.990310
    4.610316    0.990543
    4.627681    0.991623
    4.645046    0.990752
    4.662410    0.989213
    4.679775    0.990840
    4.697140    0.991035
    4.714504    0.991012
    4.731869    0.990923
    4.749234    0.989848
    4.766598    0.990683
    4.783963    0.990602
    4.801328    0.990376
    4.818692    0.990447
    4.836057    0.989219
    4.853422    0.990832
    4.870786    0.990306
    4.888151    0.989955
    4.905516    0.989543
    4.922880    0.990583
    4.940245    0.990285
    4.957610    0.989596
    4.974974    0.988727
    4.992339    0.988334
    5.009704    0.989784
    5.027068    0.989891
    5.044433    0.989035
    5.061797    0.988811
    5.079162    0.989176
    5.096527    0.988371
    5.113891    0.989650
    5.131256    0.988851
    5.148621    0.989129
    5.165985    0.988805
    5.183350    0.988044
    5.200715    0.988791
    5.218079    0.988656
    5.235444    0.987966
    5.252809    0.988147
    5.270173    0.988361
    5.287538    0.988638
    5.304903    0.988099
    5.322267    0.988049
    5.339632    0.988312
    5.356997    0.988771
    5.374361    0.988053
    5.391726    0.989110
    5.409091    0.987686
    5.426455    0.988397
    5.443820    0.988305
    5.461185    0.988796
    5.478549    0.988649
    5.495914    0.988042
    5.513279    0.988545
    5.530643    0.988481
    5.548008    0.988811
    5.565373    0.988600
    5.582737    0.988233
    5.600102    0.989428
    5.617467    0.988116
    5.634831    0.987336
    5.652196    0.988321
    5.669560    0.989029
    5.686925    0.988877
    5.704290    0.988705
    5.721654    0.989306
    5.739019    0.988311
    5.756384    0.988472
    5.773748    0.988071
    5.791113    0.987857
    5.808478    0.988756
    5.825842    0.989085
    5.843207    0.988395
    5.860572    0.988885
    5.877936    0.989085
    5.895301    0.989188
    5.912666    0.989599
    5.930030    0.989213
    5.947395    0.989470
    5.964760    0.989330
    5.982124    0.989451
    5.999489    0.989253
    6.016854    0.989855
    6.034218    0.989790
    6.051583    0.989857
    6.068948    0.990059
