   3.0153131025932651E-005                       NaN                       NaN
   6.0306262051865303E-005                       NaN                       NaN
   9.0459393077797954E-005                       NaN                       NaN
   1.2061252410373061E-004                       NaN                       NaN
   1.5076565512966324E-004                       NaN                       NaN
   1.8091878615559591E-004                       NaN                       NaN
   2.1107191718152855E-004                       NaN                       NaN
   2.4122504820746121E-004                       NaN                       NaN
   2.7137817923339388E-004                       NaN                       NaN
   3.0153131025932649E-004                       NaN                       NaN
   3.3168444128525915E-004                       NaN                       NaN
   3.6183757231119182E-004                       NaN                       NaN
   3.9199070333712448E-004                       NaN                       NaN
   4.2214383436305709E-004                       NaN                       NaN
   4.5229696538898976E-004                       NaN                       NaN
   4.8245009641492242E-004                       NaN                       NaN
   5.1260322744085503E-004                       NaN                       NaN
   5.4275635846678775E-004                       NaN                       NaN
   5.7290948949272036E-004                       NaN                       NaN
