0.875
1.75
2.625
3.5
4.375
5.25
6.125
0.875
0.875
0.875
0.875
0.875
0.875
1.75
1.75
1.75
1.75
1.75
1.75
2.625
2.625
2.625
2.625
2.625
2.625
3.5
3.5
3.5
3.5
3.5
3.5
4.375
4.375
4.375
4.375
4.375
4.375
5.25
5.25
5.25
5.25
5.25
5.25
6.125
6.125
6.125
6.125
6.125
6.125
0.875
0.875
0.875
0.875
0.875
0.875
0.875
0.875
0.875
0.875
0.875
0.875
0.875
0.875
0.875
0.875
0.875
0.875
0.875
0.875
0.875
0.875
0.875
0.875
0.875
0.875
0.875
0.875
0.875
0.875
0.875
0.875
0.875
0.875
0.875
0.875
0.875
0.875
0.875
0.875
0.875
0.875
1.75
1.75
1.75
1.75
1.75
1.75
1.75
1.75
1.75
1.75
1.75
1.75
1.75
1.75
1.75
1.75
1.75
1.75
1.75
1.75
1.75
1.75
1.75
1.75
1.75
1.75
1.75
1.75
1.75
1.75
1.75
1.75
1.75
1.75
1.75
1.75
1.75
1.75
1.75
1.75
1.75
1.75
2.625
2.625
2.625
2.625
2.625
2.625
2.625
2.625
2.625
2.625
2.625
2.625
2.625
2.625
2.625
2.625
2.625
2.625
2.625
2.625
2.625
2.625
2.625
2.625
2.625
2.625
2.625
2.625
2.625
2.625
2.625
2.625
2.625
2.625
2.625
2.625
2.625
2.625
2.625
2.625
2.625
2.625
3.5
3.5
3.5
3.5
3.5
3.5
3.5
3.5
3.5
3.5
3.5
3.5
3.5
3.5
3.5
3.5
3.5
3.5
3.5
3.5
3.5
3.5
3.5
3.5
3.5
3.5
3.5
3.5
3.5
3.5
3.5
3.5
3.5
3.5
3.5
3.5
3.5
3.5
3.5
3.5
3.5
3.5
4.375
4.375
4.375
4.375
4.375
4.375
4.375
4.375
4.375
4.375
4.375
4.375
4.375
4.375
4.375
4.375
4.375
4.375
4.375
4.375
4.375
4.375
4.375
4.375
4.375
4.375
4.375
4.375
4.375
4.375
4.375
4.375
4.375
4.375
4.375
4.375
4.375
4.375
4.375
4.375
4.375
4.375
5.25
5.25
5.25
5.25
5.25
5.25
5.25
5.25
5.25
5.25
5.25
5.25
5.25
5.25
5.25
5.25
5.25
5.25
5.25
5.25
5.25
5.25
5.25
5.25
5.25
5.25
5.25
5.25
5.25
5.25
5.25
5.25
5.25
5.25
5.25
5.25
5.25
5.25
5.25
5.25
5.25
5.25
6.125
6.125
6.125
6.125
6.125
6.125
6.125
6.125
6.125
6.125
6.125
6.125
6.125
6.125
6.125
6.125
6.125
6.125
6.125
6.125
6.125
6.125
6.125
6.125
6.125
6.125
6.125
6.125
6.125
6.125
6.125
6.125
6.125
6.125
6.125
6.125
6.125
6.125
6.125
6.125
6.125
6.125
