0.875
0.875
0.875
0.875
0.875
0.875
0.875
0.875
0.875
0.875
0.875
0.875
0.875
0.875
0.875
0.875
0.875
0.875
0.875
0.875
0.875
0.875
0.875
0.875
0.875
0.875
0.875
0.875
0.875
0.875
0.875
0.875
0.875
0.875
0.875
0.875
0.875
0.875
0.875
0.875
0.875
0.875
0.875
0.875
0.875
0.875
0.875
0.875
0.875
1.75
2.625
3.5
4.375
5.25
6.125
1.75
2.625
3.5
4.375
5.25
6.125
1.75
2.625
3.5
4.375
5.25
6.125
1.75
2.625
3.5
4.375
5.25
6.125
1.75
2.625
3.5
4.375
5.25
6.125
1.75
2.625
3.5
4.375
5.25
6.125
1.75
2.625
3.5
4.375
5.25
6.125
1.75
2.625
3.5
4.375
5.25
6.125
1.75
2.625
3.5
4.375
5.25
6.125
1.75
2.625
3.5
4.375
5.25
6.125
1.75
2.625
3.5
4.375
5.25
6.125
1.75
2.625
3.5
4.375
5.25
6.125
1.75
2.625
3.5
4.375
5.25
6.125
1.75
2.625
3.5
4.375
5.25
6.125
1.75
2.625
3.5
4.375
5.25
6.125
1.75
2.625
3.5
4.375
5.25
6.125
1.75
2.625
3.5
4.375
5.25
6.125
1.75
2.625
3.5
4.375
5.25
6.125
1.75
2.625
3.5
4.375
5.25
6.125
1.75
2.625
3.5
4.375
5.25
6.125
1.75
2.625
3.5
4.375
5.25
6.125
1.75
2.625
3.5
4.375
5.25
6.125
1.75
2.625
3.5
4.375
5.25
6.125
1.75
2.625
3.5
4.375
5.25
6.125
1.75
2.625
3.5
4.375
5.25
6.125
1.75
2.625
3.5
4.375
5.25
6.125
1.75
2.625
3.5
4.375
5.25
6.125
1.75
2.625
3.5
4.375
5.25
6.125
1.75
2.625
3.5
4.375
5.25
6.125
1.75
2.625
3.5
4.375
5.25
6.125
1.75
2.625
3.5
4.375
5.25
6.125
1.75
2.625
3.5
4.375
5.25
6.125
1.75
2.625
3.5
4.375
5.25
6.125
1.75
2.625
3.5
4.375
5.25
6.125
1.75
2.625
3.5
4.375
5.25
6.125
1.75
2.625
3.5
4.375
5.25
6.125
1.75
2.625
3.5
4.375
5.25
6.125
1.75
2.625
3.5
4.375
5.25
6.125
1.75
2.625
3.5
4.375
5.25
6.125
1.75
2.625
3.5
4.375
5.25
6.125
1.75
2.625
3.5
4.375
5.25
6.125
1.75
2.625
3.5
4.375
5.25
6.125
1.75
2.625
3.5
4.375
5.25
6.125
1.75
2.625
3.5
4.375
5.25
6.125
1.75
2.625
3.5
4.375
5.25
6.125
1.75
2.625
3.5
4.375
5.25
6.125
1.75
2.625
3.5
4.375
5.25
6.125
1.75
2.625
3.5
4.375
5.25
6.125
1.75
2.625
3.5
4.375
5.25
6.125
