  -3.8090791754387516       -3.8434123979579167      -0.53638233348566022     
  -7.2049485783590335        7.8498122883401245E-002 -0.92583659216496705     
  0.33311330937518102      -0.28295933326404821        1.1715514511491190     
   4.9262860521722143E-002 -0.92515038948322215       -1.8869825099384814     
  -2.4123817672118451      -0.14569609766770772        3.1089408617654790     
  0.64531493901097381       -1.2229951623572728       0.83490899672838181     
  -3.7953541880706596        1.8490691971644513        3.7073321135967610     
  -2.0141438445412190       0.20628697242509073        7.5563019267220941     
 -0.86755063947116817       -2.3646731088673048      -0.56196476850406119     
   1.2090847001444767       0.31445204610079219       0.57474768730910353     
  -1.2413402795419137        1.6305833720083511        4.5430963387926981     
   1.9561556476750059        2.5760805682344916        5.8301189124080510     
  -2.9572008600451878      -0.17955245296270350       -8.4130058573781124E-003
   5.6671741640982747       -4.5320212650629648       -1.8535514149554535     
  -1.3554096105452951      -0.72942740228781067       -2.9195896576942384     
   1.2080137285161348        3.9133277878758475       -3.4601499242224705     
  -1.2232974580997937        3.1308019974224592        2.4421299282474749     
 -0.44728216133921284        1.2261816022101193        2.9559159468496121     
  -3.2994079370581351       -5.1332376355011071       -1.8198058897704681     
 -0.17162841062141732        3.5810562083061712       0.30768730043565412     
 -0.66501346103030767        2.0564296613289708       -4.7069146749563133     
   5.5283002864949733       -1.3915486943265136       -1.6139052938901157     
   1.5736284854935858       -1.3861063224619226      -0.92082832383761026     
   4.6326479032764460       -1.2211577892812950       -1.6849426230518973     
   4.7214202591226568        1.7223650325762423       -3.3058724066251460E-002
  -2.1254935145052749       -1.7413056614703986       -3.4976705522188514     
   1.7925946223402169       -2.3268665884225594        1.3152233146741630     
 -0.81601452860507073        2.7909816724148033       -3.7584870433091528     
 -0.76294437649756852       -1.3384608184013569       -4.5044402935972156     
   2.5200517301929999       0.89661853424590721        10.027954061348350     
  -1.9681418278449700        2.3659862888794145       -2.5700670683336559     
  0.79322161732844310       -4.1036586634671846        6.1863864810075979     
   2.3439167989620371        1.9125468024240653       -1.9938608834164373     
  -1.5731353694279115       -2.2490587154984398       0.20398149422241973     
  0.44783931878897931       -2.7741701668530254       -5.4298067952030573     
  -2.9541535077931811       0.85889252742285604        2.7062452961652461     
  0.26400835820291635        1.8725587842227098       0.91177756514671526     
   3.4148314436649181      -0.54191210885572516       -2.5430785693737850     
  -3.3738512399194351        1.2342005282790265        4.4454646791717707     
 -0.15248306296115183       0.12016849437396428       -1.8744453648267476     
  0.17632780686703703        5.1753849191247143       0.23574725487744388     
  -3.4390301011748385        4.1053887811986751        1.9686795172680498     
  0.61300225472434478       -3.4849704980653944       -4.0920527856084297     
 -0.28728855232494388       0.32924203705354527        2.8055123547657042     
 -0.58438512119465635        3.7317306024348222        3.0661186764718158     
  -1.6846044780719802       -2.1776072053494326        4.3364250696095699     
   4.0584357998455802       0.44644238402232589        4.1840869884672101     
  -6.2951818900725716       0.20569555241180459      -0.43814861129181681     
   1.9620343856032108       -3.3524915801178072       -2.9459030572829290     
   5.7499873566718408E-002 -0.33111460198587372        3.4675887579583939     
  0.14115077317934691       -3.3904579267113943        4.7504443303379267     
  -1.9329347119894111        1.6938637730871930        3.6518039058150218     
   2.1405531313323718        8.7693316801698853E-002   2.7185367054725997     
  -1.0896872450884389        3.9336728760474462        1.8705361388620765     
 -0.25236821766449402       -2.8461465616095381        5.6426277254099624     
   1.3648847803818025        1.8571875298201892       -3.9793198281291877     
   3.2101516949450373       0.50003627501582415        2.3436128696820648     
   1.4408034974385926       0.38576223449058356       -1.6086722126480368     
  -4.6063276667409232       -10.473739090174618      -0.13617855019817340     
   1.0282386448230987       -2.0702238799553747        1.9322551555645031     
   3.1358662730441726       -4.4938008593394194       -4.5512667084475851     
  -1.1209148409095147        3.5497559637511822       0.75049048672387753     
  -3.9216734353884647E-002   2.1069615095889254       -3.0723143187457320     
  -6.0636890290309315       -2.1038376090198834        1.0303958659668482     
  -4.7198496531621315       -1.7357973948994265        3.8336875355686577     
   1.1679230175737427       -6.6563661950135886        1.5128555713241494     
 -0.60722026582591526        1.0239634176519055        2.0143220356595433     
  -7.6603177251884302       0.95865227489197202       -2.6004646302150783E-002
  -2.0861183268215031        4.1979114155220687       -1.9930485776224813     
  -3.2781088505321816        5.8960264895085412       -1.0769391783044033     
   6.1431354535502525       -4.1686600424528173       -1.0414852105460637     
  -1.8336333407325078       -4.3556142169458347       -1.0496262109971486     
  -6.6266353624917587       0.65526303583080114        3.3716914960275641     
   2.7803376326123757       -2.5982968084002511       -5.6171201081367563     
  0.94087473602479288       -1.8896434693373296       -2.2039045156985786     
  -1.8740732890639527       0.12008305963587136        2.3785850939090936     
   4.8459148592500707       -3.7397355254830358       -1.9191903384985594     
  0.88373467044813581      -0.33621401287931035        4.7254552254757236     
  -2.7088473553534289       -2.0906932847098672        2.3308792933953639     
   1.4595357144936745      -0.39960810675543457        5.9854436973956568     
  -6.7270113633304859E-002   2.7395732965834934        6.4837578691368511     
 -0.23915756562467508       0.22856964097595411        1.6724859931390605     
  0.74847248778912723       -4.4875451538638433       -3.4422703568403938     
  -5.1670263948933401       -3.8996467275461768        3.0918855667334491     
   1.4581997977704235        8.7991222389649355       -2.9433207453341637     
 -0.17464026520977896        2.0785210108315844       -1.3076389301054658     
  -1.5191302936384046       -3.7466774828488156       -2.6455253922439090     
  0.62360569053106940      -0.94688159991257748       -3.0975968848005420     
  -2.4216496298770851        2.8215611909283176       -3.3611818915987270     
   7.9328189880956490       0.98449875557101041       -1.1001641709435668     
   3.0539517654683879       -4.5362946229730374       -2.4168262629616590     
  -1.2307392374417225       0.49073653840319714       -3.9481139270979044     
  0.54446883787723521       -2.4894931895076811       -2.9296066542061463     
  -3.6988705839849154       0.61377568347979916      -0.78200198491832407     
  -2.1311555296467124       0.51667886414587028       -1.5613218235275270     
   5.6292171414071897       -5.5486077210764533        1.2327226482632034     
  0.75752810052368946       -1.8643765374606482       -3.5996035380515510     
  -3.8441319247126904       -3.3909098931655475        1.0708586840643561     
   7.1528753428765288        2.3813948483584624        1.8280784478245804     
   1.4793694607599608        5.1870922606270602        2.7581115669183922     
   1.0156035256364855        5.8497584787182912        5.3969217867379218     
   2.0997161570888947       0.64005806331397375        1.1169036639294820     
   5.1464043400314292      -0.41750731044113942        4.9593903659302203     
   4.4073443732134745      -0.44169165168690760       -2.7274801296776370     
   4.4742887630943065        3.7970491603114791        1.8296781715022052     
   2.2290154679890426        1.8589854525848828        3.3659986417026140     
   5.2345702884386434      -0.84362725050483323        3.1255037250544357     
  -1.9928553059674265       0.91198809744544063        1.8347491288825883     
   2.5636574052246321        2.7826585867451836        1.2493520816873871     
   3.8472487728309237      -0.64875762509965373        2.0088102017094966     
  -5.4986674499606778      -0.46262104806962234       -9.7215582392655112E-002
 -0.34704316686695585        6.4819084995822642      -0.17173880927419669     
   1.2174294744644811        3.2474763885941451       -1.5604714225589098     
   3.1396599359055073       -2.3508490122338088        2.7858477868460767     
 -0.95317082603513037       -5.2583134451629023       -3.4077081796318187     
   2.8101163300891603       -3.1354196293170933       -3.3919092060456277     
   1.5242970121381629        2.5132027916250559       -2.1574711490938951     
   6.7825294482918954        5.4265257915544716      -0.80517551703641355     
  -1.3593080635789441       -6.0218822045384597        3.8714893237376686     
  -3.9971275223071707       -2.7841144173061285      -0.73055843737902793     
  -4.0109610090895567       -1.5554578408945852        1.4760092775911589     
   3.8429051590927621      -0.60199363720965926        3.4337750633419026     
   6.5310674852320316       -1.0269731585177082       -2.8107388359668857     
   2.9984143676653949       -1.3623822543066850        4.8913473515260382     
  0.91627476937793317       -2.3348440393359104      -0.35866966504984776     
  -1.5874311839402697       -3.5678177939932616        3.3696258304069979     
  -2.2170519723508324       0.71091966163227871        3.5661715101195521     
  0.63187008962420621      -0.83959355512086764        6.3276613036379299     
   1.5852247257058723       -3.0882162288728878       -4.4932841719842864     
 -0.60471841030346307      -0.47266902474194777        2.2549166312887761     
  0.79634780805753469        4.3917670200396364        2.6380141752561688     
  -2.8878795304894407       0.85790173730162644        1.5369097212900384     
  -2.4482888365675319        2.3673109919340658       -1.7324751622404375     
   2.5311043577209948E-002   1.1726304786554764       -1.1243422859430088     
  -1.1732583420290714        1.8844541343545140      -0.91810281454066889     
  -5.3925217523501825       -2.9322337653133523      -0.58034720002799678     
   4.3979017316815057       -2.1209298356413235        4.3568840835759692     
 -0.91363771626047563      -0.52070715816033875        5.0815129080592989     
  -4.8217581600941539       -3.1571229206782707       0.85744529195244001     
  0.56571020363415914       -1.9381308742090404       -1.1708174376622231     
   2.4672650977824682        1.1335509576135161        2.0265215100303546     
  -1.3621780138802571       -3.4690909316285401        5.4543002163248913     
   2.0833260088534118        4.4249278955074063       -3.8794326160068096     
   3.0311827858022640        1.0783911908374439       -1.6417030186642836     
   1.0014876614003818        3.2957789726393916       -2.5333383558218547     
   4.9426169832078282       0.37305193000745274        4.4363999998009565     
  -2.5107808941202916       -3.3673381848696620       -2.8657234748813121     
  0.51773503677823862        1.5930264380598449        5.1875707263762738     
  -2.4768694671787643        3.6753878154272321        3.0569751086238859     
  -1.5284793758370523        2.2694537182924943        2.9634806623831209     
  -3.9134979913511794       -3.4559848048220592       -1.5360096692432226     
   3.3597577510785670        1.6896998560229155      -0.76690821901286022     
  -6.5014539891798409        2.5978377435899533       -1.9522193375385239     
  -2.5829390795704508        3.1948734133789363      -0.86256693761235259     
 -0.39988686185039857        3.1639460183072736        1.9687004348206183     
  -1.2945655339934079       -1.3549151706333324        1.5775919629179100     
   1.4745397561367062       -3.3840468049939458        1.4965199612520861     
  -2.2802400067050521      -0.26145017565730000        1.5654972052316452     
  -7.3998084700913100       -4.9905281328558146       -2.2327990373960382     
   3.1421776872395748        1.0454883868747125       0.14880517332945722     
 -0.39109273770141612       -3.0734265389464754        1.2328211649915197     
   2.6611038497351434        2.7792504947749950       -3.3633334167913680     
   1.6378056799789908        5.6145809300273859       -5.1389513658233126     
  -3.9713431587535943       -6.2402494184029891       -5.6646292097026407     
   1.4133214130456393      -0.19659815194032851       -3.0702824472603556     
 -0.71880560086131451        2.2430285941967192        1.2669665761956552     
   3.9142704186048389        2.3549397681378457        3.1630006571454268     
  -3.9365606929615473       -5.4145859242171985        2.7837093297019200     
  0.34406031053239849      -0.30753942871143225        2.2320802329864144     
  -4.4483905815501303E-002   4.5461510532717568       -2.1774615994050275     
   1.4405481370708904       -2.3482076278733062       -1.4467305837592113     
 -0.82830285684832250        4.8633266534807555        1.9516353698504763     
  -1.6678383288600229        1.1081375352648957       0.34169029885761076     
  -3.1877732915790382        2.9207265973570209       -1.6416377791981016     
 -0.45103749882818633       -5.8762800534798005       -2.9119253335342332     
  0.70054738459046617       0.57433867647965997        2.4958271033603063     
   5.8309679038522653       0.35647751511026010       -5.5969076089143277     
  -4.4695520338396424       0.26585757945641253       -1.4129682993943904     
  0.46314581463047921        1.3205347743689042        4.2617763327077203     
   1.6952114132210081        2.6747081691654744        3.8911188023474717     
  -2.2039162723124872       -1.4957309637297740        1.8089855055564139     
   1.3820731356915643        4.2128444043174431       0.35374822000528028     
 -0.88237305265245780        4.5836547444142335       -3.0649805083967432     
   2.4257310882560930        3.0537749509400376       -1.9514215693760284     
  -1.3616844867545763        7.4003009198404133      -0.42598232466579961     
   6.5292304020967675        1.0530485501075177       -1.9636993096199500     
  0.93925738209571086        2.5694075437081740        1.2602427076063729     
  0.85669069031888445       -1.0333461143067055        2.7884944018806901     
   2.4476848971818628       -1.4629165134532587        2.9303104882541025     
  -4.3401646150423963       -3.0957241820829209        2.4787557774064428     
   7.5948679719568266E-003  -2.6171861093383182      -0.47895441078886591     
   4.6834622290061088       -1.7401673021059541       -4.2121197627574887E-002
  0.61806532044777374      -0.47095869086763820       0.18931016674970849     
   1.8652769999469156       -2.0546011012286485      -0.18549600300718355     
  -4.4413340441466156       -2.5396220652890404       -2.5606801355401747     
  -2.4039679463147343       -5.4557274821156430       0.98816857239360567     
  -2.2483301333301595       -4.5631141001421476        1.4940093540162083     
 -0.87936092992946324       -3.3149608031292495      -0.55286652700465932     
   2.4801724760860941        1.1563370720673580      -0.90916761136864699     
  -3.7949421032888160       -1.8917958710416283        5.6591977390498203     
 -0.11280733679797764       -1.2411547522615192        3.1799083526721406     
 -0.84686446793139125       -8.8525544216839691        4.8207492514092776     
   1.5490035726593072       -4.8022368819238137      -0.42432154102416592     
  -1.8913140939176856       -2.7135042548104167        3.5661281219526400     
   1.6045429234330002       0.61683825623371957      -0.42797248354692369     
  -1.0913549970191165        4.1864042806044672       -2.2549665752878485     
   6.3702697522012519        4.4347012789412483       0.37193841098407998     
   2.2637243924788355        7.3513720031653778        3.7476695027625109     
  -2.2324176187101070        1.2769529735506295        4.4655291175609708     
  -1.6992438618097148       -1.7304275689172888        2.5401127038068436     
  -3.0077294968735400        1.0306507726589877       -1.4548273800071354     
  -3.3916995280005637        1.6838840715908381        2.0585973824317820     
   3.7909910255839412        2.4186107241195525      -0.37959612336054938     
  -2.8589467573498148       -3.1542426256295562       -1.6198509336394702     
   4.5975123721671061       -1.1340626198167598       0.87297646875707646     
  -2.9237265497339799        3.1986794946715178        8.2176156362551794E-002
  -3.7924645835423161       -3.6204322687757702        4.3365708912061862     
   1.5644702092932554       0.77993839062539472       -3.8415915618626921     
   1.4600514483303593      -0.41811767385895826       -4.8839157290890221     
  -7.9501324196515162       0.90567074804860570       -1.0952793317291731     
   2.5452964542492036       -2.6113199651528540       -1.4978446556263503     
   6.7785151554219985       -8.0161674181583251       -5.4554519789807285     
  -1.1094249757359731      -0.87324011683565994      -0.86843931989191803     
   1.8015119375249404       -4.6439392040668608        1.6322083640641256     
  -3.7508138973252292      -0.39098538847317421        5.5339287369314762     
  0.49993367192751997        3.2852279101385609        1.7431163250163491     
  -1.2499568973015178        4.5869844668006658        1.1718090744615852     
  -1.9854584038874692       -4.2151877034384366       -3.0278489893788611E-002
  -1.9750111154318599       -2.6702759967746252        2.5657131233574115     
  -3.0341741643536251      -0.23183030408869187      -0.90989423603753483     
  -2.9437255844580603       -4.8120958852820337        4.2008307673205163     
   2.9263764770257015       -4.5563448346576489       -1.4268201449727000     
 -0.47018556928984384        1.1604191452686659        1.0605971969061678     
  -1.6175068235404941       -1.7127169916851819        6.2675451146213579     
  -2.6147804936726651        1.7532226409544514      -0.93834833125404271     
   2.2316143999019791       0.39869005559860538        4.7161121948701235     
  -4.0846373085586896        1.9821451469996363       0.53133665903863458     
  -1.5885776050931675      -0.73730408570163486        6.9430388152105289     
   1.4783980284473537        3.2003322539955463        6.7337939490826866     
   2.4576059444955924        1.3207453782173535       -2.7753939375365535     
   2.7997049656586270       -2.1718927254046521        7.7569580459123641E-002
  -3.0367089611924847       -3.0202987012483535      -0.69667557890088283     
   4.1460435662219073        4.6820286309816363E-002  -1.9792258747942040     
   1.4977986070462632       -1.2303682495329322        4.3996303767676226     
  -3.4061670305203089        4.1721060547431810       -2.3097244539094173     
  -1.5794029819868902      -0.53274258395448337        7.9187568764984677     
   6.1219667529886319       -4.2614137411824435        7.9388941583974637E-002
   2.3278167442196005        1.5137454337586569       -7.1854601952796762E-002
  -2.5251884569384924        4.1882384729771029       0.13932925385710940     
  0.82682768995596434        1.2041906793160837      -0.15520031691191083     
  0.24034944998336594        1.6372907357806492        2.4067109091338876     
  -2.8888047408945905        1.4969769123592203       -3.4933443043848169     
   3.0625499913768128      -0.18244912486080819      -0.42487423291958587     
  -5.1995826601606039        3.9625106567312902       -1.9589695992020875     
   1.5127941164943255        1.7253313180676466       -1.5703671098482421     
   2.8404910555942897        1.7561980822876626        1.4496639242691549     
   6.9986023478572634E-002   3.1698097991700984       -3.2530748800095042     
  -4.0294192486706493       -1.3420975253200391      -0.28759235078559436     
   3.6599013409847294      -0.85496802645127790        7.7614457377493764     
  -3.4069602038701290        1.4998939408760428       0.92854577376842173     
   1.0370614806902214E-002   1.8526741321962412        2.4475157635996631E-002
   3.3113539367376505       -2.0395707218725949       -2.8177633777226720     
  -1.9798532843483010        5.6834000557314894       -2.5957899863878220     
  -5.8849721243119921       -1.4905871867057463        9.3241216985324574E-002
   4.7543775448876193       -4.2977323991449286        2.5766951964868237     
  0.75566138931769045       -3.5744200940364133       0.69465559210630989     
  -2.1531054223215791       -2.9345740623925569       0.98778737003380612     
  0.27586606287724497       0.20356527294762500        4.1906727513910020     
   1.2745101507573000        6.3756915685565803        1.1558914583866957     
 -0.83999028928650965      -0.50615534505666249        3.1860921980249564     
  0.64199906108835481       -3.2555847916286247        6.7386107766531396     
  -1.5592929318407616        2.4604834964778339       0.79008936174895039     
  -1.0538154130643091       -1.4348132786061749        3.5354044843387316     
   3.8687941452111927       -1.7970846315990605        1.3373826072742772     
  -4.6352957528010581       0.38920203176117235       0.24691619199271117     
   6.0897312930412362        1.8045568947652204        7.3829930758101643     
  -2.5664146119636495       -3.7787111470153039       -5.9698208312916901     
  -3.2535354866250281       -2.0775430862945581      -0.54939959096586721     
  -5.0380492789359774        1.6075171932799786       0.99352579903949456     
 -0.56663726172603657        5.2120005269128988        1.1098599105922995     
 -0.71936183825481770      -0.95928264331936397       0.71599237364417945     
  0.50102304901469830       0.94375553272522628       0.99870727177952268     
  0.69500333274702530        1.9409453161083510      -0.99035128493027524     
  -1.1009465447235272       -2.4123945371248054        2.9898260939486132     
 -0.89155893651870666       0.12504626976763791       0.40692808511661249     
   6.2525115489797400       0.18246158832112538        4.0399228203329480     
  -5.2895566755197683       -1.5439710092073802       0.80483709351536026     
  -1.6672813474168997      -0.77677464988883138        2.2167504367078781     
   1.0136808095814194        2.6599368161290542        2.4872214715251060     
  -2.8133041210281817        2.4031909584944802        7.5810446109595677     
   3.7339542941448038       -3.6443402797618720        3.3955319520142231     
  -1.6162298195950269       -4.9655255082841716        2.0512462506718929     
   2.2396040327892623      -0.81555683169070226        1.3785764969580407     
  -3.6013328783290177       -3.0427280883399770       0.15304327958706346     
  -8.9288926288419539        4.4032039545933079      -0.58000342915365344     
  -3.0568230526830207       -1.8098227931022144       -3.5510553277598800     
   3.4187220996827086        5.7112570634228899        2.8207948443412394     
   2.6236018406074910       -1.1404943161212486       -6.4763893593622690     
  -3.2828544185118531        7.6037733295458959E-002   1.1419961955010904     
   5.5845901128578870        1.3400263806689789        2.6961915224257065     
  -1.2234043684838161       0.35521831783733149       -1.9550872284981331     
   1.8763246031025032      -0.55851585671845927        5.0006243220462947     
   3.0921956537652386       -1.2488657517680830        3.7744007497486618     
  -3.1288737251857310       -3.8102023585134241       -4.5307596404382826     
  -6.5900689507001431        4.2565099813324050       0.48650592708686669     
   1.0654559127085197        6.8879162149353972        3.0609131814435027     
   2.1971511274976971       -4.7185299732452997        2.5282120330367026     
  0.66064461196087954        2.6983937692496514        8.1962818565729456E-002
  -1.9627665248922133        1.0954157224687822      -0.66766658761226805     
   4.7988677508151625        5.9405411642453488E-003 -0.55044883052141369     
   1.5802603432151345       -1.1578486807136350        3.4352863106612932     
   2.0473582507646828       -8.8450603459301202        4.8175259803561792     
 -0.12304827250142915        2.9339951514441975        1.1001963178467880     
 -0.82655590866286421       -1.5710067165752353        4.2037439452861446E-002
  -2.1325850881995123E-002  -3.8271103109547062       -1.3420210314383683     
   5.7186734514395381       -2.4237351553928201        5.5603094054338804     
  -4.7930330575860340        4.8061646463271943        2.1398655948387257     
  -1.5423886327280802       -1.4338694055042236       0.68770348062227493     
  -3.6277590797277712       -6.0823306497414000        3.5361353650685001     
   3.2483848420838912       0.29842607171106622        4.7751307450720306     
  -4.0920831121973444      -0.58288018639288952        2.5045509484248623     
  -6.2902546137685054       -3.0450994667186131       -1.2251383004977325     
   3.7735571608418992       -1.6381825753634631       0.28567444009032966     
   2.6895948770137257       -4.7235105265931292      -0.51503827148064008     
  -5.8947152607879207        1.9537020438206647        7.4780112457594790     
 -0.75571821875725120        3.6088279759755810        4.0318808200601213     
  0.65812858719231659       -6.3250007317898485        4.9737037790080487     
   4.5398950471757074       -5.2029355792187593       -4.3471119597345655     
 -0.69373163666763271       -3.8595609018216068       -2.0990651696376981     
   2.0897846635965260        2.4369605806032868       0.28064898915794628     
   8.1895764474888777E-002  -1.7561779807331108        2.4302700532956911     
   4.4413922041699596       -1.0075825574649120       -4.3468599294048262     
  -3.1994676110106712        4.3220418564213068        1.0211880761720715     
   8.4604256365323547       0.83916289238982267       -2.6058453931322845     
   1.4836500330514444       -2.1593019307562558        3.9230382598763001     
   4.6275404669902453      -0.90393409459111929      -0.48642612993826878     
  -4.4718123703426684       -1.2100941438165946        5.7499457229949744     
   6.1029324769350053        2.5282965197514340       -2.8323945293814341     
  -1.8382187685337890        1.5356011235209761       -1.6567357569282333     
   2.2764754101112961        3.5483671549166367        5.8995487472760892     
  0.67608750420630392       -1.0948077732897454        1.8648393245094206     
  0.62300992037743697      -0.20666467373369551        5.6080823222331331     
  -4.4301946151379044       -4.0023542474536232E-002   1.8282750006840893     
