    0.003015    0.016093    0.000002
    0.006031    0.030804    0.000003
    0.009046    0.044953    0.000005
    0.012061    0.058839    0.000006
    0.015077    0.072584    0.000008
    0.018092    0.086249    0.000009
    0.021107    0.099859    0.000011
    0.024123    0.113440    0.000013
    0.027138    0.126989    0.000014
    0.030153    0.140518    0.000016
    0.033168    0.154025    0.000017
    0.036184    0.167519    0.000019
    0.039199    0.180992    0.000020
    0.042214    0.194458    0.000022
    0.045230    0.207926    0.000023
    0.048245    0.221377    0.000025
    0.051260    0.234817    0.000026
    0.054276    0.248257    0.000028
    0.057291    0.261680    0.000029
    0.060306    0.275114    0.000031
    0.063322    0.288536    0.000032
    0.066337    0.301947    0.000034
    0.069352    0.315350    0.000035
    0.072368    0.328759    0.000037
    0.075383    0.342160    0.000038
    0.078398    0.355550    0.000040
    0.081413    0.368930    0.000041
    0.084429    0.382324    0.000043
    0.087444    0.395720    0.000044
    0.090459    0.409122    0.000046
    0.093475    0.422520    0.000047
    0.096490    0.435927    0.000048
    0.099505    0.449336    0.000050
    0.102521    0.462735    0.000051
    0.105536    0.476142    0.000053
    0.108551    0.489557    0.000054
    0.111567    0.502967    0.000056
    0.114582    0.516383    0.000057
    0.117597    0.529794    0.000059
    0.120613    0.543190    0.000060
    0.123628    0.556576    0.000062
    0.126643    0.569965    0.000063
    0.129658    0.583352    0.000065
    0.132674    0.596737    0.000066
    0.135689    0.610117    0.000068
    0.138704    0.623492    0.000069
    0.141720    0.636879    0.000071
    0.144735    0.650266    0.000072
    0.147750    0.663644    0.000073
    0.150766    0.677017    0.000075
    0.153781    0.690380    0.000076
    0.156796    0.703743    0.000078
    0.159812    0.717104    0.000079
    0.162827    0.730472    0.000081
    0.165842    0.743834    0.000082
    0.168858    0.757193    0.000084
    0.171873    0.770571    0.000085
    0.174888    0.783945    0.000087
    0.177903    0.797316    0.000088
    0.180919    0.810691    0.000090
    0.183934    0.824060    0.000091
    0.186949    0.837444    0.000093
    0.189965    0.850822    0.000094
    0.192980    0.864201    0.000095
    0.195995    0.877579    0.000097
    0.199011    0.890959    0.000098
    0.202026    0.904345    0.000100
    0.205041    0.917737    0.000101
    0.208057    0.931140    0.000103
    0.211072    0.944550    0.000104
    0.214087    0.957956    0.000106
    0.217103    0.971351    0.000107
    0.220118    0.984739    0.000109
    0.223133    0.998132    0.000110
    0.226148    1.011524    0.000111
    0.229164    1.024922    0.000113
    0.232179    1.038320    0.000114
    0.235194    1.051715    0.000116
    0.238210    1.065120    0.000117
    0.241225    1.078529    0.000119
    0.244240    1.091929    0.000120
    0.247256    1.105325    0.000122
    0.250271    1.118722    0.000123
    0.253286    1.132121    0.000124
    0.256302    1.145528    0.000126
    0.259317    1.158939    0.000127
    0.262332    1.172353    0.000129
    0.265348    1.185757    0.000130
    0.268363    1.199155    0.000132
    0.271378    1.212565    0.000133
    0.274393    1.225975    0.000135
    0.277409    1.239379    0.000136
    0.280424    1.252785    0.000138
    0.283439    1.266192    0.000139
    0.286455    1.279613    0.000140
    0.289470    1.293042    0.000142
    0.292485    1.306465    0.000143
    0.295501    1.319893    0.000145
    0.298516    1.333317    0.000146
    0.301531    1.346742    0.000148
    0.304547    1.360172    0.000149
    0.307562    1.373596    0.000151
    0.310577    1.387017    0.000152
    0.313593    1.400437    0.000153
    0.316608    1.413873    0.000155
    0.319623    1.427312    0.000156
    0.322639    1.440747    0.000158
    0.325654    1.454181    0.000159
    0.328669    1.467623    0.000161
    0.331684    1.481063    0.000162
    0.334700    1.494509    0.000164
    0.337715    1.507934    0.000165
    0.340730    1.521365    0.000167
    0.343746    1.534809    0.000168
    0.346761    1.548241    0.000170
    0.349776    1.561687    0.000171
    0.352792    1.575130    0.000172
    0.355807    1.588576    0.000174
    0.358822    1.602022    0.000175
    0.361838    1.615460    0.000177
    0.364853    1.628891    0.000178
    0.367868    1.642314    0.000180
    0.370884    1.655750    0.000181
    0.373899    1.669183    0.000183
    0.376914    1.682622    0.000184
    0.379929    1.696071    0.000186
    0.382945    1.709531    0.000187
    0.385960    1.722994    0.000188
    0.388975    1.736455    0.000190
    0.391991    1.749915    0.000191
    0.395006    1.763378    0.000193
    0.398021    1.776839    0.000194
    0.401037    1.790301    0.000196
    0.404052    1.803762    0.000197
    0.407067    1.817208    0.000199
    0.410083    1.830649    0.000200
    0.413098    1.844088    0.000202
    0.416113    1.857522    0.000203
    0.419129    1.870950    0.000204
    0.422144    1.884378    0.000206
    0.425159    1.897803    0.000207
    0.428174    1.911219    0.000209
    0.431190    1.924649    0.000210
    0.434205    1.938081    0.000212
    0.437220    1.951516    0.000213
    0.440236    1.964948    0.000215
    0.443251    1.978374    0.000216
    0.446266    1.991801    0.000218
    0.449282    2.005216    0.000219
    0.452297    2.018640    0.000220
    0.455312    2.032071    0.000222
    0.458328    2.045490    0.000223
    0.461343    2.058894    0.000225
    0.464358    2.072290    0.000226
    0.467374    2.085689    0.000228
    0.470389    2.099089    0.000229
    0.473404    2.112486    0.000231
    0.476419    2.125879    0.000232
    0.479435    2.139274    0.000234
    0.482450    2.152678    0.000235
    0.485465    2.166081    0.000236
    0.488481    2.179480    0.000238
    0.491496    2.192885    0.000239
    0.494511    2.206311    0.000241
    0.497527    2.219725    0.000242
    0.500542    2.233140    0.000244
    0.503557    2.246538    0.000245
    0.506573    2.259934    0.000247
    0.509588    2.273336    0.000248
    0.512603    2.286743    0.000250
    0.515619    2.300153    0.000251
    0.518634    2.313555    0.000252
    0.521649    2.326955    0.000254
    0.524664    2.340359    0.000255
    0.527680    2.353765    0.000257
    0.530695    2.367169    0.000258
    0.533710    2.380577    0.000260
    0.536726    2.393988    0.000261
    0.539741    2.407398    0.000263
    0.542756    2.420810    0.000264
    0.545772    2.434216    0.000265
    0.548787    2.447616    0.000267
    0.551802    2.461029    0.000268
    0.554818    2.474451    0.000270
    0.557833    2.487890    0.000271
    0.560848    2.501336    0.000273
    0.563864    2.514783    0.000274
    0.566879    2.528232    0.000276
    0.569894    2.541686    0.000277
    0.572909    2.555133    0.000278
    0.575925    2.568577    0.000280
    0.578940    2.582019    0.000281
    0.581955    2.595472    0.000283
    0.584971    2.608914    0.000284
    0.587986    2.622360    0.000286
    0.591001    2.635821    0.000287
    0.594017    2.649275    0.000289
    0.597032    2.662725    0.000290
    0.600047    2.676176    0.000291
    0.603063    2.689622    0.000293
    0.606078    2.703065    0.000294
    0.609093    2.716524    0.000296
    0.612109    2.729986    0.000297
    0.615124    2.743457    0.000299
    0.618139    2.756940    0.000300
    0.621154    2.770424    0.000302
    0.624170    2.783901    0.000303
    0.627185    2.797386    0.000304
    0.630200    2.810861    0.000306
    0.633216    2.824343    0.000307
    0.636231    2.837828    0.000309
    0.639246    2.851319    0.000310
    0.642262    2.864812    0.000312
    0.645277    2.878316    0.000313
    0.648292    2.891811    0.000315
    0.651308    2.905299    0.000316
    0.654323    2.918793    0.000317
    0.657338    2.932290    0.000319
    0.660354    2.945792    0.000320
    0.663369    2.959288    0.000322
    0.666384    2.972786    0.000323
    0.669400    2.986273    0.000325
    0.672415    2.999754    0.000326
    0.675430    3.013226    0.000328
    0.678445    3.026697    0.000329
    0.681461    3.040174    0.000330
    0.684476    3.053648    0.000332
    0.687491    3.067132    0.000333
    0.690507    3.080619    0.000335
    0.693522    3.094090    0.000336
    0.696537    3.107567    0.000338
    0.699553    3.121067    0.000339
    0.702568    3.134560    0.000341
    0.705583    3.148051    0.000342
    0.708599    3.161542    0.000344
    0.711614    3.175029    0.000345
    0.714629    3.188512    0.000346
    0.717645    3.201989    0.000348
    0.720660    3.215475    0.000349
    0.723675    3.228965    0.000351
    0.726690    3.242454    0.000352
    0.729706    3.255934    0.000354
    0.732721    3.269415    0.000355
    0.735736    3.282898    0.000357
    0.738752    3.296386    0.000358
    0.741767    3.309877    0.000359
    0.744782    3.323369    0.000361
    0.747798    3.336858    0.000362
    0.750813    3.350347    0.000364
    0.753828    3.363835    0.000365
    0.756844    3.377317    0.000367
    0.759859    3.390802    0.000368
    0.762874    3.404281    0.000370
    0.765890    3.417755    0.000371
    0.768905    3.431230    0.000372
    0.771920    3.444716    0.000374
    0.774935    3.458200    0.000375
    0.777951    3.471699    0.000377
    0.780966    3.485205    0.000378
    0.783981    3.498700    0.000380
    0.786997    3.512195    0.000381
    0.790012    3.525694    0.000383
    0.793027    3.539188    0.000384
    0.796043    3.552684    0.000385
    0.799058    3.566169    0.000387
    0.802073    3.579647    0.000388
    0.805089    3.593129    0.000390
    0.808104    3.606601    0.000391
    0.811119    3.620072    0.000393
    0.814135    3.633553    0.000394
    0.817150    3.647034    0.000396
    0.820165    3.660510    0.000397
    0.823180    3.673980    0.000398
    0.826196    3.687469    0.000400
    0.829211    3.700959    0.000401
    0.832226    3.714445    0.000403
    0.835242    3.727937    0.000404
    0.838257    3.741426    0.000406
    0.841272    3.754914    0.000407
    0.844288    3.768396    0.000409
    0.847303    3.781870    0.000410
    0.850318    3.795356    0.000411
    0.853334    3.808834    0.000413
    0.856349    3.822315    0.000414
    0.859364    3.835795    0.000416
    0.862380    3.849275    0.000417
    0.865395    3.862757    0.000419
    0.868410    3.876233    0.000420
    0.871425    3.889702    0.000422
    0.874441    3.903181    0.000423
    0.877456    3.916666    0.000425
    0.880471    3.930165    0.000426
    0.883487    3.943671    0.000427
    0.886502    3.957170    0.000429
    0.889517    3.970674    0.000430
    0.892533    3.984183    0.000432
    0.895548    3.997692    0.000433
    0.898563    4.011199    0.000435
    0.901579    4.024705    0.000436
    0.904594    4.038216    0.000438
    0.907609    4.051733    0.000439
    0.910625    4.065245    0.000441
    0.913640    4.078758    0.000442
    0.916655    4.092265    0.000443
    0.919670    4.105774    0.000445
    0.922686    4.119287    0.000446
    0.925701    4.132810    0.000448
    0.928716    4.146336    0.000449
    0.931732    4.159869    0.000451
    0.934747    4.173398    0.000452
    0.937762    4.186929    0.000454
    0.940778    4.200466    0.000455
    0.943793    4.214002    0.000457
    0.946808    4.227548    0.000458
    0.949824    4.241098    0.000460
    0.952839    4.254656    0.000461
    0.955854    4.268217    0.000462
    0.958870    4.281781    0.000464
    0.961885    4.295341    0.000465
    0.964900    4.308915    0.000467
    0.967916    4.322498    0.000468
    0.970931    4.336088    0.000470
    0.973946    4.349678    0.000471
    0.976961    4.363259    0.000473
    0.979977    4.376830    0.000474
    0.982992    4.390418    0.000476
    0.986007    4.404011    0.000477
    0.989023    4.417605    0.000479
    0.992038    4.431213    0.000480
    0.995053    4.444822    0.000482
    0.998069    4.458422    0.000483
    1.001084    4.472022    0.000485
    1.004099    4.485627    0.000486
    1.007115    4.499225    0.000487
    1.010130    4.512817    0.000489
    1.013145    4.526415    0.000490
    1.016161    4.540010    0.000492
    1.019176    4.553605    0.000493
    1.022191    4.567203    0.000495
    1.025206    4.580789    0.000496
    1.028222    4.594373    0.000498
    1.031237    4.607952    0.000499
    1.034252    4.621527    0.000501
    1.037268    4.635111    0.000502
    1.040283    4.648692    0.000504
    1.043298    4.662278    0.000505
    1.046314    4.675864    0.000507
    1.049329    4.689432    0.000508
    1.052344    4.703007    0.000510
    1.055360    4.716584    0.000511
    1.058375    4.730162    0.000513
    1.061390    4.743742    0.000514
    1.064406    4.757321    0.000515
    1.067421    4.770889    0.000517
    1.070436    4.784454    0.000518
    1.073451    4.798033    0.000520
    1.076467    4.811606    0.000521
    1.079482    4.825187    0.000523
    1.082497    4.838771    0.000524
    1.085513    4.852352    0.000526
    1.088528    4.865931    0.000527
    1.091543    4.879512    0.000529
    1.094559    4.893103    0.000530
    1.097574    4.906695    0.000532
    1.100589    4.920277    0.000533
    1.103605    4.933854    0.000535
    1.106620    4.947426    0.000536
    1.109635    4.960999    0.000537
    1.112651    4.974571    0.000539
    1.115666    4.988151    0.000540
    1.118681    5.001739    0.000542
    1.121696    5.015327    0.000543
    1.124712    5.028903    0.000545
    1.127727    5.042483    0.000546
    1.130742    5.056062    0.000548
    1.133758    5.069627    0.000549
    1.136773    5.083192    0.000551
    1.139788    5.096749    0.000552
    1.142804    5.110309    0.000554
    1.145819    5.123876    0.000555
    1.148834    5.137447    0.000557
    1.151850    5.151015    0.000558
    1.154865    5.164577    0.000559
    1.157880    5.178135    0.000561
    1.160896    5.191694    0.000562
    1.163911    5.205256    0.000564
    1.166926    5.218827    0.000565
    1.169941    5.232397    0.000567
    1.172957    5.245969    0.000568
    1.175972    5.259542    0.000570
    1.178987    5.273119    0.000571
    1.182003    5.286693    0.000573
    1.185018    5.300260    0.000574
    1.188033    5.313827    0.000575
    1.191049    5.327392    0.000577
    1.194064    5.340959    0.000578
    1.197079    5.354512    0.000580
    1.200095    5.368062    0.000581
    1.203110    5.381608    0.000583
    1.206125    5.395147    0.000584
    1.209141    5.408664    0.000586
    1.212156    5.422177    0.000587
    1.215171    5.435698    0.000589
    1.218186    5.449218    0.000590
    1.221202    5.462734    0.000592
    1.224217    5.476247    0.000593
    1.227232    5.489751    0.000594
    1.230248    5.503258    0.000596
    1.233263    5.516749    0.000597
    1.236278    5.530235    0.000599
    1.239294    5.543727    0.000600
    1.242309    5.557218    0.000602
    1.245324    5.570715    0.000603
    1.248340    5.584214    0.000605
    1.251355    5.597712    0.000606
    1.254370    5.611218    0.000608
    1.257386    5.624734    0.000609
    1.260401    5.638256    0.000610
    1.263416    5.651774    0.000612
    1.266432    5.665293    0.000613
    1.269447    5.678816    0.000615
    1.272462    5.692326    0.000616
    1.275477    5.705843    0.000618
    1.278493    5.719362    0.000619
    1.281508    5.732877    0.000621
    1.284523    5.746392    0.000622
    1.287539    5.759895    0.000624
    1.290554    5.773403    0.000625
    1.293569    5.786908    0.000627
    1.296585    5.800414    0.000628
    1.299600    5.813907    0.000629
    1.302615    5.827404    0.000631
    1.305631    5.840910    0.000632
    1.308646    5.854417    0.000634
    1.311661    5.867920    0.000635
    1.314677    5.881429    0.000637
    1.317692    5.894940    0.000638
    1.320707    5.908441    0.000640
    1.323722    5.921938    0.000641
    1.326738    5.935428    0.000642
    1.329753    5.948920    0.000644
    1.332768    5.962420    0.000645
    1.335784    5.975908    0.000647
    1.338799    5.989401    0.000648
    1.341814    6.002891    0.000650
    1.344830    6.016385    0.000651
    1.347845    6.029887    0.000653
    1.350860    6.043391    0.000654
    1.353876    6.056892    0.000655
    1.356891    6.070388    0.000657
    1.359906    6.083881    0.000658
    1.362922    6.097383    0.000660
    1.365937    6.110891    0.000661
    1.368952    6.124407    0.000663
    1.371967    6.137918    0.000664
    1.374983    6.151437    0.000666
    1.377998    6.164963    0.000667
    1.381013    6.178493    0.000669
    1.384029    6.192027    0.000670
    1.387044    6.205556    0.000671
    1.390059    6.219081    0.000673
    1.393075    6.232602    0.000674
    1.396090    6.246119    0.000676
    1.399105    6.259640    0.000677
    1.402121    6.273156    0.000679
    1.405136    6.286675    0.000680
    1.408151    6.300192    0.000682
    1.411167    6.313702    0.000683
    1.414182    6.327218    0.000685
    1.417197    6.340747    0.000686
    1.420212    6.354270    0.000687
    1.423228    6.367794    0.000689
    1.426243    6.381315    0.000690
    1.429258    6.394840    0.000692
    1.432274    6.408369    0.000693
    1.435289    6.421913    0.000695
    1.438304    6.435456    0.000696
    1.441320    6.449003    0.000698
    1.444335    6.462554    0.000699
    1.447350    6.476086    0.000700
    1.450366    6.489610    0.000702
    1.453381    6.503145    0.000703
    1.456396    6.516676    0.000705
    1.459412    6.530204    0.000706
    1.462427    6.543730    0.000708
    1.465442    6.557254    0.000709
    1.468457    6.570775    0.000711
    1.471473    6.584296    0.000712
    1.474488    6.597819    0.000713
    1.477503    6.611344    0.000715
    1.480519    6.624858    0.000716
    1.483534    6.638374    0.000718
    1.486549    6.651889    0.000719
    1.489565    6.665410    0.000721
    1.492580    6.678942    0.000722
    1.495595    6.692459    0.000724
    1.498611    6.705965    0.000725
    1.501626    6.719475    0.000726
    1.504641    6.732979    0.000728
    1.507657    6.746481    0.000729
    1.510672    6.759980    0.000731
    1.513687    6.773482    0.000732
    1.516702    6.786984    0.000734
    1.519718    6.800480    0.000735
    1.522733    6.813964    0.000737
    1.525748    6.827433    0.000738
    1.528764    6.840897    0.000739
    1.531779    6.854367    0.000741
    1.534794    6.867843    0.000742
    1.537810    6.881320    0.000744
    1.540825    6.894794    0.000745
    1.543840    6.908269    0.000747
    1.546856    6.921742    0.000748
    1.549871    6.935208    0.000749
    1.552886    6.948668    0.000751
    1.555902    6.962134    0.000752
    1.558917    6.975592    0.000754
    1.561932    6.989044    0.000755
    1.564948    7.002504    0.000757
    1.567963    7.015961    0.000758
    1.570978    7.029425    0.000759
    1.573993    7.042886    0.000761
    1.577009    7.056347    0.000762
    1.580024    7.069809    0.000764
    1.583039    7.083264    0.000765
    1.586055    7.096722    0.000767
    1.589070    7.110179    0.000768
    1.592085    7.123644    0.000769
    1.595101    7.137105    0.000771
    1.598116    7.150567    0.000772
    1.601131    7.164037    0.000774
    1.604147    7.177515    0.000775
    1.607162    7.190985    0.000777
    1.610177    7.204456    0.000778
    1.613193    7.217920    0.000780
    1.616208    7.231394    0.000781
    1.619223    7.244857    0.000782
    1.622238    7.258319    0.000784
    1.625254    7.271785    0.000785
    1.628269    7.285237    0.000787
    1.631284    7.298682    0.000788
    1.634300    7.312124    0.000790
    1.637315    7.325569    0.000791
    1.640330    7.339016    0.000792
    1.643346    7.352461    0.000794
    1.646361    7.365894    0.000795
    1.649376    7.379337    0.000797
    1.652392    7.392784    0.000798
    1.655407    7.406235    0.000800
    1.658422    7.419706    0.000801
    1.661438    7.433177    0.000803
    1.664453    7.446659    0.000804
    1.667468    7.460136    0.000805
    1.670483    7.473597    0.000807
    1.673499    7.487067    0.000808
    1.676514    7.500549    0.000810
    1.679529    7.514036    0.000811
    1.682545    7.527527    0.000813
    1.685560    7.541005    0.000814
    1.688575    7.554494    0.000816
    1.691591    7.567972    0.000817
    1.694606    7.581449    0.000818
    1.697621    7.594935    0.000820
    1.700637    7.608410    0.000821
    1.703652    7.621888    0.000823
    1.706667    7.635364    0.000824
    1.709683    7.648850    0.000826
    1.712698    7.662325    0.000827
    1.715713    7.675786    0.000829
    1.718728    7.689244    0.000830
    1.721744    7.702703    0.000832
    1.724759    7.716163    0.000833
    1.727774    7.729633    0.000834
    1.730790    7.743099    0.000836
    1.733805    7.756562    0.000837
    1.736820    7.770032    0.000839
    1.739836    7.783497    0.000840
    1.742851    7.796979    0.000842
    1.745866    7.810458    0.000843
    1.748882    7.823939    0.000844
    1.751897    7.837422    0.000846
    1.754912    7.850908    0.000847
    1.757928    7.864381    0.000849
    1.760943    7.877867    0.000850
    1.763958    7.891353    0.000852
    1.766973    7.904849    0.000853
    1.769989    7.918333    0.000855
    1.773004    7.931806    0.000856
    1.776019    7.945275    0.000858
    1.779035    7.958741    0.000859
    1.782050    7.972199    0.000860
    1.785065    7.985658    0.000862
    1.788081    7.999123    0.000863
    1.791096    8.012590    0.000865
    1.794111    8.026054    0.000866
    1.797127    8.039526    0.000868
    1.800142    8.053000    0.000869
    1.803157    8.066481    0.000871
    1.806173    8.079975    0.000872
    1.809188    8.093475    0.000874
    1.812203    8.106985    0.000875
    1.815218    8.120496    0.000876
    1.818234    8.134009    0.000878
    1.821249    8.147518    0.000879
    1.824264    8.161027    0.000881
    1.827280    8.174549    0.000882
    1.830295    8.188072    0.000884
    1.833310    8.201585    0.000885
    1.836326    8.215096    0.000887
    1.839341    8.228615    0.000888
    1.842356    8.242126    0.000890
    1.845372    8.255642    0.000891
    1.848387    8.269158    0.000892
    1.851402    8.282675    0.000894
    1.854418    8.296205    0.000895
    1.857433    8.309745    0.000897
    1.860448    8.323271    0.000898
    1.863463    8.336791    0.000900
    1.866479    8.350313    0.000901
    1.869494    8.363828    0.000903
    1.872509    8.377342    0.000904
    1.875525    8.390854    0.000906
    1.878540    8.404372    0.000907
    1.881555    8.417879    0.000908
    1.884571    8.431382    0.000910
    1.887586    8.444894    0.000911
    1.890601    8.458399    0.000913
    1.893617    8.471902    0.000914
    1.896632    8.485410    0.000916
    1.899647    8.498915    0.000917
    1.902663    8.512413    0.000919
    1.905678    8.525920    0.000920
    1.908693    8.539420    0.000921
    1.911709    8.552931    0.000923
    1.914724    8.566455    0.000924
    1.917739    8.579983    0.000926
    1.920754    8.593517    0.000927
    1.923770    8.607045    0.000929
    1.926785    8.620573    0.000930
    1.929800    8.634097    0.000932
    1.932816    8.647616    0.000933
    1.935831    8.661129    0.000935
    1.938846    8.674632    0.000936
    1.941862    8.688145    0.000937
    1.944877    8.701659    0.000939
    1.947892    8.715165    0.000940
    1.950908    8.728672    0.000942
    1.953923    8.742184    0.000943
    1.956938    8.755706    0.000945
    1.959954    8.769229    0.000946
    1.962969    8.782762    0.000948
    1.965984    8.796287    0.000949
    1.968999    8.809801    0.000951
    1.972015    8.823319    0.000952
    1.975030    8.836837    0.000953
    1.978045    8.850360    0.000955
    1.981061    8.863882    0.000956
    1.984076    8.877402    0.000958
    1.987091    8.890904    0.000959
    1.990107    8.904399    0.000961
    1.993122    8.917901    0.000962
    1.996137    8.931402    0.000964
    1.999153    8.944902    0.000965
    2.002168    8.958396    0.000967
    2.005183    8.971904    0.000968
    2.008199    8.985412    0.000969
    2.011214    8.998916    0.000971
    2.014229    9.012417    0.000972
    2.017244    9.025925    0.000974
    2.020260    9.039425    0.000975
    2.023275    9.052923    0.000977
    2.026290    9.066422    0.000978
    2.029306    9.079910    0.000980
    2.032321    9.093406    0.000981
    2.035336    9.106915    0.000982
    2.038352    9.120431    0.000984
    2.041367    9.133941    0.000985
    2.044382    9.147462    0.000987
    2.047398    9.160983    0.000988
    2.050413    9.174503    0.000990
    2.053428    9.188010    0.000991
    2.056444    9.201517    0.000993
    2.059459    9.215020    0.000994
    2.062474    9.228525    0.000996
    2.065489    9.242029    0.000997
    2.068505    9.255543    0.000999
    2.071520    9.269052    0.001000
    2.074535    9.282566    0.001001
    2.077551    9.296076    0.001003
    2.080566    9.309596    0.001004
    2.083581    9.323116    0.001006
    2.086597    9.336640    0.001007
    2.089612    9.350156    0.001009
    2.092627    9.363666    0.001010
    2.095643    9.377176    0.001012
    2.098658    9.390690    0.001013
    2.101673    9.404206    0.001015
    2.104689    9.417712    0.001016
    2.107704    9.431225    0.001018
    2.110719    9.444739    0.001019
    2.113734    9.458239    0.001020
    2.116750    9.471739    0.001022
    2.119765    9.485236    0.001023
    2.122780    9.498746    0.001025
    2.125796    9.512262    0.001026
    2.128811    9.525777    0.001028
    2.131826    9.539297    0.001029
    2.134842    9.552824    0.001031
    2.137857    9.566348    0.001032
    2.140872    9.579870    0.001034
    2.143888    9.593383    0.001035
    2.146903    9.606886    0.001037
    2.149918    9.620387    0.001038
    2.152934    9.633898    0.001039
    2.155949    9.647408    0.001041
    2.158964    9.660917    0.001042
    2.161979    9.674420    0.001044
    2.164995    9.687918    0.001045
    2.168010    9.701432    0.001047
    2.171025    9.714932    0.001048
    2.174041    9.728421    0.001050
    2.177056    9.741918    0.001051
    2.180071    9.755419    0.001053
    2.183087    9.768919    0.001054
    2.186102    9.782419    0.001056
    2.189117    9.795919    0.001057
    2.192133    9.809420    0.001059
    2.195148    9.822923    0.001060
    2.198163    9.836440    0.001062
    2.201179    9.849963    0.001063
    2.204194    9.863473    0.001064
    2.207209    9.877001    0.001066
    2.210225    9.890537    0.001067
    2.213240    9.904068    0.001069
    2.216255    9.917593    0.001070
    2.219270    9.931113    0.001072
    2.222286    9.944632    0.001073
    2.225301    9.958146    0.001075
    2.228316    9.971650    0.001076
    2.231332    9.985145    0.001078
    2.234347    9.998646    0.001079
    2.237362   10.012151    0.001081
    2.240378   10.025663    0.001082
    2.243393   10.039170    0.001084
    2.246408   10.052675    0.001085
    2.249424   10.066176    0.001086
    2.252439   10.079676    0.001088
    2.255454   10.093175    0.001089
    2.258470   10.106677    0.001091
    2.261485   10.120173    0.001092
    2.264500   10.133678    0.001094
    2.267515   10.147169    0.001095
    2.270531   10.160657    0.001097
    2.273546   10.174142    0.001098
    2.276561   10.187631    0.001100
    2.279577   10.201117    0.001101
    2.282592   10.214604    0.001103
    2.285607   10.228099    0.001104
    2.288623   10.241586    0.001105
    2.291638   10.255065    0.001107
    2.294653   10.268546    0.001108
    2.297669   10.282030    0.001110
    2.300684   10.295522    0.001111
    2.303699   10.309013    0.001113
    2.306715   10.322511    0.001114
    2.309730   10.336017    0.001116
    2.312745   10.349508    0.001117
    2.315760   10.362994    0.001119
    2.318776   10.376482    0.001120
    2.321791   10.389970    0.001121
    2.324806   10.403471    0.001123
    2.327822   10.416973    0.001124
    2.330837   10.430476    0.001126
    2.333852   10.443975    0.001127
    2.336868   10.457475    0.001129
    2.339883   10.470983    0.001130
    2.342898   10.484492    0.001132
    2.345914   10.498008    0.001133
    2.348929   10.511532    0.001135
    2.351944   10.525046    0.001136
    2.354960   10.538549    0.001137
    2.357975   10.552057    0.001139
    2.360990   10.565569    0.001140
    2.364005   10.579086    0.001142
    2.367021   10.592598    0.001143
    2.370036   10.606120    0.001145
    2.373051   10.619637    0.001146
    2.376067   10.633170    0.001148
    2.379082   10.646691    0.001149
    2.382097   10.660209    0.001151
    2.385113   10.673728    0.001152
    2.388128   10.687247    0.001153
    2.391143   10.700761    0.001155
    2.394159   10.714282    0.001156
    2.397174   10.727807    0.001158
    2.400189   10.741333    0.001159
    2.403205   10.754872    0.001161
    2.406220   10.768390    0.001162
    2.409235   10.781918    0.001164
    2.412250   10.795453    0.001165
    2.415266   10.808978    0.001166
    2.418281   10.822493    0.001168
    2.421296   10.836009    0.001169
    2.424312   10.849518    0.001171
    2.427327   10.863037    0.001172
    2.430342   10.876555    0.001174
    2.433358   10.890085    0.001175
    2.436373   10.903613    0.001177
    2.439388   10.917136    0.001178
    2.442404   10.930639    0.001180
    2.445419   10.944151    0.001181
    2.448434   10.957658    0.001182
    2.451450   10.971181    0.001184
    2.454465   10.984703    0.001185
    2.457480   10.998225    0.001187
    2.460495   11.011746    0.001188
    2.463511   11.025259    0.001190
    2.466526   11.038763    0.001191
    2.469541   11.052278    0.001193
    2.472557   11.065773    0.001194
    2.475572   11.079264    0.001195
    2.478587   11.092765    0.001197
    2.481603   11.106277    0.001198
    2.484618   11.119796    0.001200
    2.487633   11.133313    0.001201
    2.490649   11.146827    0.001203
    2.493664   11.160348    0.001204
    2.496679   11.173869    0.001206
    2.499695   11.187386    0.001207
    2.502710   11.200899    0.001209
    2.505725   11.214412    0.001210
    2.508741   11.227926    0.001211
    2.511756   11.241445    0.001213
    2.514771   11.254958    0.001214
    2.517786   11.268471    0.001216
    2.520802   11.281987    0.001217
    2.523817   11.295501    0.001219
    2.526832   11.309013    0.001220
    2.529848   11.322521    0.001222
    2.532863   11.336033    0.001223
    2.535878   11.349550    0.001225
    2.538894   11.363079    0.001226
    2.541909   11.376605    0.001227
    2.544924   11.390130    0.001229
    2.547940   11.403648    0.001230
    2.550955   11.417179    0.001232
    2.553970   11.430711    0.001233
    2.556986   11.444242    0.001235
    2.560001   11.457755    0.001236
    2.563016   11.471266    0.001238
    2.566031   11.484779    0.001239
    2.569047   11.498298    0.001240
    2.572062   11.511803    0.001242
    2.575077   11.525302    0.001243
    2.578093   11.538800    0.001245
    2.581108   11.552302    0.001246
    2.584123   11.565804    0.001248
    2.587139   11.579301    0.001249
    2.590154   11.592799    0.001251
    2.593169   11.606308    0.001252
    2.596185   11.619823    0.001254
    2.599200   11.633343    0.001255
    2.602215   11.646859    0.001256
    2.605231   11.660363    0.001258
    2.608246   11.673879    0.001259
    2.611261   11.687399    0.001261
    2.614276   11.700926    0.001262
    2.617292   11.714454    0.001264
    2.620307   11.727974    0.001265
    2.623322   11.741491    0.001267
    2.626338   11.755010    0.001268
    2.629353   11.768533    0.001270
    2.632368   11.782054    0.001271
    2.635384   11.795584    0.001273
    2.638399   11.809117    0.001274
    2.641414   11.822650    0.001275
    2.644430   11.836188    0.001277
    2.647445   11.849714    0.001278
    2.650460   11.863248    0.001280
    2.653476   11.876776    0.001281
    2.656491   11.890317    0.001283
    2.659506   11.903866    0.001284
    2.662521   11.917414    0.001286
    2.665537   11.930958    0.001287
    2.668552   11.944508    0.001289
    2.671567   11.958066    0.001290
    2.674583   11.971617    0.001292
    2.677598   11.985169    0.001293
    2.680613   11.998726    0.001295
    2.683629   12.012281    0.001296
    2.686644   12.025847    0.001297
    2.689659   12.039404    0.001299
    2.692675   12.052963    0.001300
    2.695690   12.066517    0.001302
    2.698705   12.080066    0.001303
    2.701721   12.093622    0.001305
    2.704736   12.107182    0.001306
    2.707751   12.120750    0.001308
    2.710766   12.134318    0.001309
    2.713782   12.147886    0.001311
    2.716797   12.161450    0.001312
    2.719812   12.175017    0.001314
    2.722828   12.188582    0.001315
    2.725843   12.202143    0.001317
    2.728858   12.215699    0.001318
    2.731874   12.229242    0.001319
    2.734889   12.242785    0.001321
    2.737904   12.256322    0.001322
    2.740920   12.269865    0.001324
    2.743935   12.283398    0.001325
    2.746950   12.296932    0.001327
    2.749966   12.310467    0.001328
    2.752981   12.323998    0.001330
    2.755996   12.337532    0.001331
    2.759011   12.351063    0.001333
    2.762027   12.364589    0.001334
    2.765042   12.378108    0.001336
    2.768057   12.391624    0.001337
    2.771073   12.405135    0.001338
    2.774088   12.418640    0.001340
    2.777103   12.432146    0.001341
    2.780119   12.445642    0.001343
    2.783134   12.459139    0.001344
    2.786149   12.472639    0.001346
    2.789165   12.486126    0.001347
    2.792180   12.499619    0.001349
    2.795195   12.513125    0.001350
    2.798211   12.526640    0.001352
    2.801226   12.540152    0.001353
    2.804241   12.553662    0.001354
    2.807256   12.567159    0.001356
    2.810272   12.580650    0.001357
    2.813287   12.594143    0.001359
    2.816302   12.607631    0.001360
    2.819318   12.621123    0.001362
    2.822333   12.634628    0.001363
    2.825348   12.648124    0.001365
    2.828364   12.661620    0.001366
    2.831379   12.675116    0.001367
    2.834394   12.688611    0.001369
    2.837410   12.702111    0.001370
    2.840425   12.715613    0.001372
    2.843440   12.729111    0.001373
    2.846456   12.742602    0.001375
    2.849471   12.756094    0.001376
    2.852486   12.769585    0.001378
    2.855502   12.783076    0.001379
    2.858517   12.796569    0.001381
    2.861532   12.810059    0.001382
    2.864547   12.823537    0.001384
    2.867563   12.837016    0.001385
    2.870578   12.850500    0.001386
    2.873593   12.863999    0.001388
    2.876609   12.877506    0.001389
    2.879624   12.891018    0.001391
    2.882639   12.904528    0.001392
    2.885655   12.918033    0.001394
    2.888670   12.931544    0.001395
    2.891685   12.945061    0.001397
    2.894701   12.958578    0.001398
    2.897716   12.972093    0.001400
    2.900731   12.985604    0.001401
    2.903747   12.999112    0.001403
    2.906762   13.012626    0.001404
    2.909777   13.026139    0.001406
    2.912792   13.039654    0.001407
    2.915808   13.053160    0.001408
    2.918823   13.066666    0.001410
    2.921838   13.080171    0.001411
    2.924854   13.093684    0.001413
    2.927869   13.107188    0.001414
    2.930884   13.120686    0.001416
    2.933900   13.134187    0.001417
    2.936915   13.147676    0.001419
    2.939930   13.161167    0.001420
    2.942946   13.174659    0.001422
    2.945961   13.188143    0.001423
    2.948976   13.201606    0.001425
    2.951992   13.215071    0.001426
    2.955007   13.228532    0.001428
    2.958022   13.241994    0.001429
    2.961037   13.255452    0.001430
    2.964053   13.268916    0.001432
    2.967068   13.282394    0.001433
    2.970083   13.295869    0.001435
    2.973099   13.309331    0.001436
    2.976114   13.322808    0.001438
    2.979129   13.336290    0.001439
    2.982145   13.349769    0.001441
    2.985160   13.363244    0.001442
    2.988175   13.376724    0.001444
    2.991191   13.390200    0.001445
    2.994206   13.403671    0.001447
    2.997221   13.417144    0.001448
    3.000237   13.430624    0.001450
    3.003252   13.444087    0.001451
    3.006267   13.457549    0.001453
    3.009282   13.471017    0.001454
    3.012298   13.484492    0.001456
    3.015313   13.497967    0.001457
    3.018328   13.511443    0.001459
    3.021344   13.524932    0.001460
    3.024359   13.538416    0.001462
    3.027374   13.551895    0.001463
    3.030390   13.565378    0.001465
    3.033405   13.578847    0.001466
    3.036420   13.592304    0.001468
    3.039436   13.605761    0.001469
    3.042451   13.619222    0.001471
    3.045466   13.632673    0.001472
    3.048482   13.646132    0.001474
    3.051497   13.659592    0.001475
    3.054512   13.673050    0.001477
    3.057527   13.686517    0.001478
    3.060543   13.699982    0.001480
    3.063558   13.713445    0.001481
    3.066573   13.726903    0.001483
    3.069589   13.740370    0.001484
    3.072604   13.753853    0.001486
    3.075619   13.767331    0.001487
    3.078635   13.780804    0.001489
    3.081650   13.794295    0.001490
    3.084665   13.807775    0.001492
    3.087681   13.821246    0.001493
    3.090696   13.834717    0.001495
    3.093711   13.848195    0.001496
    3.096727   13.861682    0.001497
    3.099742   13.875176    0.001499
    3.102757   13.888673    0.001500
    3.105772   13.902166    0.001502
    3.108788   13.915643    0.001503
    3.111803   13.929115    0.001505
    3.114818   13.942598    0.001506
    3.117834   13.956077    0.001508
    3.120849   13.969561    0.001509
    3.123864   13.983046    0.001511
    3.126880   13.996520    0.001512
    3.129895   14.009987    0.001514
    3.132910   14.023457    0.001515
    3.135926   14.036924    0.001517
    3.138941   14.050401    0.001518
    3.141956   14.063890    0.001520
    3.144972   14.077372    0.001521
    3.147987   14.090858    0.001523
    3.151002   14.104352    0.001524
    3.154018   14.117843    0.001526
    3.157033   14.131339    0.001527
    3.160048   14.144831    0.001529
    3.163063   14.158325    0.001530
    3.166079   14.171825    0.001532
    3.169094   14.185322    0.001533
    3.172109   14.198828    0.001535
    3.175125   14.212324    0.001536
    3.178140   14.225817    0.001538
    3.181155   14.239307    0.001539
    3.184171   14.252804    0.001541
    3.187186   14.266303    0.001542
    3.190201   14.279811    0.001544
    3.193217   14.293336    0.001545
    3.196232   14.306870    0.001547
    3.199247   14.320399    0.001548
    3.202263   14.333944    0.001549
    3.205278   14.347501    0.001551
    3.208293   14.361061    0.001552
    3.211308   14.374617    0.001554
    3.214324   14.388171    0.001555
    3.217339   14.401723    0.001557
    3.220354   14.415263    0.001558
    3.223370   14.428793    0.001560
    3.226385   14.442320    0.001561
    3.229400   14.455847    0.001563
    3.232416   14.469376    0.001564
    3.235431   14.482912    0.001566
    3.238446   14.496453    0.001567
    3.241462   14.509987    0.001569
    3.244477   14.523514    0.001570
    3.247492   14.537024    0.001572
    3.250508   14.550542    0.001573
    3.253523   14.564053    0.001575
    3.256538   14.577561    0.001576
    3.259553   14.591064    0.001578
    3.262569   14.604569    0.001579
    3.265584   14.618071    0.001581
    3.268599   14.631579    0.001582
    3.271615   14.645096    0.001583
    3.274630   14.658611    0.001585
    3.277645   14.672140    0.001586
    3.280661   14.685670    0.001588
    3.283676   14.699193    0.001589
    3.286691   14.712731    0.001591
    3.289707   14.726265    0.001592
    3.292722   14.739809    0.001594
    3.295737   14.753361    0.001595
    3.298753   14.766916    0.001597
    3.301768   14.780465    0.001598
    3.304783   14.794012    0.001600
    3.307798   14.807554    0.001601
    3.310814   14.821103    0.001603
    3.313829   14.834637    0.001604
    3.316844   14.848173    0.001606
    3.319860   14.861720    0.001607
    3.322875   14.875270    0.001609
    3.325890   14.888814    0.001610
    3.328906   14.902356    0.001612
    3.331921   14.915914    0.001613
    3.334936   14.929459    0.001615
    3.337952   14.943011    0.001616
    3.340967   14.956555    0.001618
    3.343982   14.970105    0.001619
    3.346998   14.983658    0.001620
    3.350013   14.997198    0.001622
    3.353028   15.010734    0.001623
    3.356043   15.024271    0.001625
    3.359059   15.037814    0.001626
    3.362074   15.051362    0.001628
    3.365089   15.064924    0.001629
    3.368105   15.078466    0.001631
    3.371120   15.091989    0.001632
    3.374135   15.105521    0.001634
    3.377151   15.119051    0.001635
    3.380166   15.132579    0.001637
    3.383181   15.146100    0.001638
    3.386197   15.159619    0.001640
    3.389212   15.173128    0.001641
    3.392227   15.186637    0.001643
    3.395243   15.200139    0.001644
    3.398258   15.213656    0.001646
    3.401273   15.227173    0.001647
    3.404288   15.240688    0.001649
    3.407304   15.254202    0.001650
    3.410319   15.267712    0.001651
    3.413334   15.281221    0.001653
    3.416350   15.294742    0.001654
    3.419365   15.308257    0.001656
    3.422380   15.321768    0.001657
    3.425396   15.335266    0.001659
    3.428411   15.348748    0.001660
    3.431426   15.362224    0.001662
    3.434442   15.375724    0.001663
    3.437457   15.389231    0.001665
    3.440472   15.402737    0.001666
    3.443488   15.416245    0.001668
    3.446503   15.429759    0.001669
    3.449518   15.443271    0.001671
    3.452534   15.456786    0.001672
    3.455549   15.470291    0.001674
    3.458564   15.483796    0.001675
    3.461579   15.497311    0.001677
    3.464595   15.510823    0.001678
    3.467610   15.524347    0.001680
    3.470625   15.537870    0.001681
    3.473641   15.551389    0.001683
    3.476656   15.564898    0.001684
    3.479671   15.578414    0.001686
    3.482687   15.591920    0.001687
    3.485702   15.605423    0.001689
    3.488717   15.618943    0.001690
    3.491733   15.632470    0.001692
    3.494748   15.646006    0.001693
    3.497763   15.659535    0.001695
    3.500779   15.673062    0.001696
    3.503794   15.686597    0.001698
    3.506809   15.700137    0.001699
    3.509824   15.713671    0.001701
    3.512840   15.727182    0.001702
    3.515855   15.740690    0.001704
    3.518870   15.754211    0.001705
    3.521886   15.767722    0.001707
    3.524901   15.781221    0.001708
    3.527916   15.794714    0.001709
    3.530932   15.808204    0.001711
    3.533947   15.821684    0.001712
    3.536962   15.835160    0.001714
    3.539978   15.848631    0.001715
    3.542993   15.862109    0.001717
    3.546008   15.875580    0.001718
    3.549024   15.889060    0.001720
    3.552039   15.902530    0.001721
    3.555054   15.915996    0.001723
    3.558069   15.929471    0.001724
    3.561085   15.942942    0.001726
    3.564100   15.956405    0.001727
    3.567115   15.969880    0.001729
    3.570131   15.983364    0.001730
    3.573146   15.996848    0.001732
    3.576161   16.010334    0.001733
    3.579177   16.023808    0.001735
    3.582192   16.037275    0.001736
    3.585207   16.050738    0.001738
    3.588223   16.064202    0.001739
    3.591238   16.077668    0.001741
    3.594253   16.091143    0.001742
    3.597269   16.104597    0.001743
    3.600284   16.118054    0.001745
    3.603299   16.131507    0.001746
    3.606314   16.144957    0.001748
    3.609330   16.158403    0.001749
    3.612345   16.171857    0.001751
    3.615360   16.185318    0.001752
    3.618376   16.198769    0.001754
    3.621391   16.212211    0.001755
    3.624406   16.225658    0.001757
    3.627422   16.239115    0.001758
    3.630437   16.252560    0.001760
    3.633452   16.265998    0.001761
    3.636468   16.279433    0.001763
    3.639483   16.292872    0.001764
    3.642498   16.306306    0.001766
    3.645514   16.319741    0.001767
    3.648529   16.333187    0.001768
    3.651544   16.346626    0.001770
    3.654559   16.360067    0.001771
    3.657575   16.373519    0.001773
    3.660590   16.386953    0.001774
    3.663605   16.400399    0.001776
    3.666621   16.413842    0.001777
    3.669636   16.427282    0.001779
    3.672651   16.440724    0.001780
    3.675667   16.454161    0.001782
    3.678682   16.467598    0.001783
    3.681697   16.481046    0.001785
    3.684713   16.494495    0.001786
    3.687728   16.507946    0.001788
    3.690743   16.521403    0.001789
    3.693759   16.534864    0.001791
    3.696774   16.548328    0.001792
    3.699789   16.561804    0.001794
    3.702804   16.575278    0.001795
    3.705820   16.588750    0.001797
    3.708835   16.602222    0.001798
    3.711850   16.615697    0.001799
    3.714866   16.629171    0.001801
    3.717881   16.642635    0.001802
    3.720896   16.656098    0.001804
    3.723912   16.669562    0.001805
    3.726927   16.683025    0.001807
    3.729942   16.696482    0.001808
    3.732958   16.709939    0.001810
    3.735973   16.723395    0.001811
    3.738988   16.736860    0.001813
    3.742004   16.750324    0.001814
    3.745019   16.763789    0.001816
    3.748034   16.777266    0.001817
    3.751049   16.790744    0.001819
    3.754065   16.804208    0.001820
    3.757080   16.817684    0.001822
    3.760095   16.831157    0.001823
    3.763111   16.844628    0.001825
    3.766126   16.858090    0.001826
    3.769141   16.871548    0.001828
    3.772157   16.885014    0.001829
    3.775172   16.898480    0.001831
    3.778187   16.911965    0.001832
    3.781203   16.925460    0.001833
    3.784218   16.938940    0.001835
    3.787233   16.952416    0.001836
    3.790249   16.965901    0.001838
    3.793264   16.979390    0.001839
    3.796279   16.992873    0.001841
    3.799295   17.006370    0.001842
    3.802310   17.019863    0.001844
    3.805325   17.033357    0.001845
    3.808340   17.046854    0.001847
    3.811356   17.060346    0.001848
    3.814371   17.073830    0.001850
    3.817386   17.087304    0.001851
    3.820402   17.100784    0.001853
    3.823417   17.114260    0.001854
    3.826432   17.127742    0.001856
    3.829448   17.141225    0.001857
    3.832463   17.154717    0.001859
    3.835478   17.168202    0.001860
    3.838494   17.181681    0.001862
    3.841509   17.195160    0.001863
    3.844524   17.208639    0.001865
    3.847540   17.222119    0.001866
    3.850555   17.235609    0.001868
    3.853570   17.249095    0.001869
    3.856585   17.262575    0.001871
    3.859601   17.276056    0.001872
    3.862616   17.289533    0.001874
    3.865631   17.303013    0.001875
    3.868647   17.316484    0.001877
    3.871662   17.329963    0.001878
    3.874677   17.343430    0.001880
    3.877693   17.356891    0.001881
    3.880708   17.370337    0.001883
    3.883723   17.383784    0.001884
    3.886739   17.397246    0.001886
    3.889754   17.410704    0.001887
    3.892769   17.424158    0.001889
    3.895785   17.437609    0.001890
    3.898800   17.451066    0.001892
    3.901815   17.464533    0.001893
    3.904830   17.478008    0.001895
    3.907846   17.491482    0.001896
    3.910861   17.504955    0.001898
    3.913876   17.518422    0.001899
    3.916892   17.531899    0.001901
    3.919907   17.545373    0.001902
    3.922922   17.558837    0.001904
    3.925938   17.572295    0.001905
    3.928953   17.585749    0.001907
    3.931968   17.599202    0.001908
    3.934984   17.612655    0.001910
    3.937999   17.626108    0.001911
    3.941014   17.639556    0.001913
    3.944030   17.653014    0.001914
    3.947045   17.666479    0.001916
    3.950060   17.679944    0.001917
    3.953075   17.693422    0.001919
    3.956091   17.706906    0.001920
    3.959106   17.720385    0.001922
    3.962121   17.733847    0.001923
    3.965137   17.747310    0.001925
    3.968152   17.760777    0.001926
    3.971167   17.774250    0.001928
    3.974183   17.787729    0.001929
    3.977198   17.801208    0.001931
    3.980213   17.814668    0.001932
    3.983229   17.828137    0.001934
    3.986244   17.841614    0.001936
    3.989259   17.855102    0.001937
    3.992275   17.868589    0.001939
    3.995290   17.882069    0.001940
    3.998305   17.895555    0.001942
    4.001320   17.909041    0.001943
    4.004336   17.922526    0.001945
    4.007351   17.936009    0.001946
    4.010366   17.949491    0.001948
    4.013382   17.962964    0.001949
    4.016397   17.976441    0.001951
    4.019412   17.989920    0.001952
    4.022428   18.003390    0.001954
    4.025443   18.016857    0.001955
    4.028458   18.030321    0.001957
    4.031474   18.043790    0.001958
    4.034489   18.057256    0.001960
    4.037504   18.070723    0.001961
    4.040520   18.084182    0.001963
    4.043535   18.097643    0.001964
    4.046550   18.111093    0.001966
    4.049565   18.124547    0.001968
    4.052581   18.137998    0.001969
    4.055596   18.151456    0.001971
    4.058611   18.164914    0.001972
    4.061627   18.178362    0.001974
    4.064642   18.191799    0.001975
    4.067657   18.205236    0.001977
    4.070673   18.218666    0.001978
    4.073688   18.232097    0.001980
    4.076703   18.245529    0.001981
    4.079719   18.258970    0.001983
    4.082734   18.272411    0.001984
    4.085749   18.285845    0.001986
    4.088765   18.299281    0.001987
    4.091780   18.312714    0.001989
    4.094795   18.326147    0.001991
    4.097811   18.339580    0.001992
    4.100826   18.353013    0.001994
    4.103841   18.366444    0.001995
    4.106856   18.379883    0.001997
    4.109872   18.393318    0.001998
    4.112887   18.406750    0.002000
    4.115902   18.420183    0.002001
    4.118918   18.433605    0.002003
    4.121933   18.447035    0.002004
    4.124948   18.460461    0.002006
    4.127964   18.473887    0.002007
    4.130979   18.487307    0.002009
    4.133994   18.500738    0.002010
    4.137010   18.514174    0.002012
    4.140025   18.527603    0.002013
    4.143040   18.541029    0.002015
    4.146056   18.554479    0.002016
    4.149071   18.567944    0.002018
    4.152086   18.581407    0.002019
    4.155101   18.594869    0.002021
    4.158117   18.608319    0.002023
    4.161132   18.621767    0.002024
    4.164147   18.635213    0.002026
    4.167163   18.648658    0.002027
    4.170178   18.662102    0.002029
    4.173193   18.675553    0.002030
    4.176209   18.689004    0.002032
    4.179224   18.702467    0.002033
    4.182239   18.715930    0.002035
    4.185255   18.729389    0.002036
    4.188270   18.742837    0.002038
    4.191285   18.756284    0.002039
    4.194301   18.769722    0.002041
    4.197316   18.783164    0.002042
    4.200331   18.796612    0.002044
    4.203346   18.810052    0.002045
    4.206362   18.823508    0.002047
    4.209377   18.836974    0.002049
    4.212392   18.850442    0.002050
    4.215408   18.863906    0.002052
    4.218423   18.877386    0.002053
    4.221438   18.890864    0.002055
    4.224454   18.904339    0.002056
    4.227469   18.917827    0.002058
    4.230484   18.931318    0.002059
    4.233500   18.944803    0.002061
    4.236515   18.958299    0.002062
    4.239530   18.971776    0.002064
    4.242546   18.985248    0.002065
    4.245561   18.998720    0.002067
    4.248576   19.012188    0.002068
    4.251591   19.025659    0.002070
    4.254607   19.039137    0.002072
    4.257622   19.052604    0.002073
    4.260637   19.066078    0.002075
    4.263653   19.079537    0.002076
    4.266668   19.092997    0.002078
    4.269683   19.106451    0.002079
    4.272699   19.119901    0.002081
    4.275714   19.133344    0.002082
    4.278729   19.146802    0.002084
    4.281745   19.160260    0.002085
    4.284760   19.173727    0.002087
    4.287775   19.187196    0.002088
    4.290791   19.200679    0.002090
    4.293806   19.214174    0.002091
    4.296821   19.227650    0.002093
    4.299836   19.241127    0.002095
    4.302852   19.254603    0.002096
    4.305867   19.268083    0.002098
    4.308882   19.281558    0.002099
    4.311898   19.295030    0.002101
    4.314913   19.308504    0.002102
    4.317928   19.321968    0.002104
    4.320944   19.335430    0.002105
    4.323959   19.348892    0.002107
    4.326974   19.362352    0.002108
    4.329990   19.375810    0.002110
    4.333005   19.389266    0.002111
    4.336020   19.402734    0.002113
    4.339036   19.416188    0.002114
    4.342051   19.429637    0.002116
    4.345066   19.443087    0.002117
    4.348081   19.456523    0.002119
    4.351097   19.469952    0.002121
    4.354112   19.483382    0.002122
    4.357127   19.496811    0.002124
    4.360143   19.510232    0.002125
    4.363158   19.523656    0.002127
    4.366173   19.537068    0.002128
    4.369189   19.550480    0.002130
    4.372204   19.563889    0.002131
    4.375219   19.577298    0.002133
    4.378235   19.590719    0.002134
    4.381250   19.604137    0.002136
    4.384265   19.617558    0.002137
    4.387281   19.630986    0.002139
    4.390296   19.644407    0.002140
    4.393311   19.657824    0.002142
    4.396327   19.671238    0.002144
    4.399342   19.684670    0.002145
    4.402357   19.698119    0.002147
    4.405372   19.711576    0.002148
    4.408388   19.725023    0.002150
    4.411403   19.738480    0.002151
    4.414418   19.751937    0.002153
    4.417434   19.765389    0.002154
    4.420449   19.778836    0.002156
    4.423464   19.792273    0.002157
    4.426480   19.805716    0.002159
    4.429495   19.819168    0.002160
    4.432510   19.832621    0.002162
    4.435526   19.846065    0.002164
    4.438541   19.859508    0.002165
    4.441556   19.872950    0.002167
    4.444572   19.886397    0.002168
    4.447587   19.899838    0.002170
    4.450602   19.913290    0.002171
    4.453617   19.926729    0.002173
    4.456633   19.940173    0.002174
    4.459648   19.953622    0.002176
    4.462663   19.967063    0.002177
    4.465679   19.980506    0.002179
    4.468694   19.993952    0.002180
    4.471709   20.007390    0.002182
    4.474725   20.020815    0.002183
    4.477740   20.034248    0.002185
    4.480755   20.047692    0.002186
    4.483771   20.061132    0.002188
    4.486786   20.074570    0.002190
    4.489801   20.088007    0.002191
    4.492817   20.101442    0.002193
    4.495832   20.114885    0.002194
    4.498847   20.128322    0.002196
    4.501862   20.141755    0.002197
    4.504878   20.155187    0.002199
    4.507893   20.168619    0.002200
    4.510908   20.182054    0.002202
    4.513924   20.195488    0.002203
    4.516939   20.208923    0.002205
    4.519954   20.222354    0.002206
    4.522970   20.235790    0.002208
    4.525985   20.249235    0.002209
    4.529000   20.262681    0.002211
    4.532016   20.276136    0.002212
    4.535031   20.289593    0.002214
    4.538046   20.303034    0.002215
    4.541062   20.316473    0.002217
    4.544077   20.329912    0.002218
    4.547092   20.343374    0.002220
    4.550107   20.356822    0.002221
    4.553123   20.370270    0.002223
    4.556138   20.383712    0.002224
    4.559153   20.397142    0.002226
    4.562169   20.410575    0.002227
    4.565184   20.424025    0.002229
    4.568199   20.437475    0.002231
    4.571215   20.450929    0.002232
    4.574230   20.464385    0.002234
    4.577245   20.477832    0.002235
    4.580261   20.491276    0.002237
    4.583276   20.504719    0.002238
    4.586291   20.518158    0.002240
    4.589307   20.531598    0.002241
    4.592322   20.545022    0.002243
    4.595337   20.558443    0.002244
    4.598352   20.571860    0.002246
    4.601368   20.585283    0.002247
    4.604383   20.598708    0.002249
    4.607398   20.612139    0.002250
    4.610414   20.625568    0.002252
    4.613429   20.639007    0.002253
    4.616444   20.652439    0.002255
    4.619460   20.665881    0.002256
    4.622475   20.679327    0.002258
    4.625490   20.692763    0.002259
    4.628506   20.706185    0.002261
    4.631521   20.719612    0.002262
    4.634536   20.733029    0.002264
    4.637552   20.746445    0.002265
    4.640567   20.759856    0.002267
    4.643582   20.773266    0.002269
    4.646597   20.786665    0.002270
    4.649613   20.800058    0.002272
    4.652628   20.813445    0.002273
    4.655643   20.826831    0.002275
    4.658659   20.840219    0.002276
    4.661674   20.853608    0.002278
    4.664689   20.866994    0.002279
    4.667705   20.880372    0.002281
    4.670720   20.893748    0.002282
    4.673735   20.907121    0.002284
    4.676751   20.920498    0.002285
    4.679766   20.933855    0.002287
    4.682781   20.947228    0.002288
    4.685797   20.960602    0.002290
    4.688812   20.973977    0.002291
    4.691827   20.987360    0.002293
    4.694843   21.000728    0.002294
    4.697858   21.014102    0.002296
    4.700873   21.027482    0.002297
    4.703888   21.040867    0.002299
    4.706904   21.054247    0.002300
    4.709919   21.067622    0.002302
    4.712934   21.081003    0.002303
    4.715950   21.094381    0.002305
    4.718965   21.107751    0.002306
    4.721980   21.121125    0.002308
    4.724996   21.134490    0.002309
    4.728011   21.147862    0.002311
    4.731026   21.161243    0.002312
    4.734042   21.174617    0.002314
    4.737057   21.187994    0.002315
    4.740072   21.201371    0.002317
    4.743088   21.214751    0.002318
    4.746103   21.228143    0.002320
    4.749118   21.241523    0.002321
    4.752133   21.254917    0.002323
    4.755149   21.268315    0.002324
    4.758164   21.281717    0.002326
    4.761179   21.295129    0.002327
    4.764195   21.308543    0.002329
    4.767210   21.321965    0.002330
    4.770225   21.335376    0.002332
    4.773241   21.348794    0.002333
    4.776256   21.362210    0.002335
    4.779271   21.375617    0.002337
    4.782287   21.389019    0.002338
    4.785302   21.402424    0.002340
    4.788317   21.415833    0.002341
    4.791333   21.429240    0.002343
    4.794348   21.442662    0.002344
    4.797363   21.456084    0.002346
    4.800378   21.469504    0.002347
    4.803394   21.482909    0.002349
    4.806409   21.496302    0.002350
    4.809424   21.509706    0.002352
    4.812440   21.523121    0.002353
    4.815455   21.536534    0.002355
    4.818470   21.549932    0.002356
    4.821486   21.563322    0.002358
    4.824501   21.576716    0.002359
    4.827516   21.590103    0.002361
    4.830532   21.603490    0.002362
    4.833547   21.616874    0.002364
    4.836562   21.630256    0.002365
    4.839578   21.643640    0.002367
    4.842593   21.657027    0.002368
    4.845608   21.670402    0.002370
    4.848623   21.683787    0.002371
    4.851639   21.697165    0.002373
    4.854654   21.710546    0.002374
    4.857669   21.723932    0.002376
    4.860685   21.737331    0.002377
    4.863700   21.750739    0.002379
    4.866715   21.764149    0.002380
    4.869731   21.777568    0.002382
    4.872746   21.790965    0.002383
    4.875761   21.804359    0.002385
    4.878777   21.817754    0.002386
    4.881792   21.831136    0.002388
    4.884807   21.844524    0.002389
    4.887823   21.857911    0.002391
    4.890838   21.871310    0.002392
    4.893853   21.884694    0.002394
    4.896868   21.898066    0.002395
    4.899884   21.911447    0.002397
    4.902899   21.924841    0.002398
    4.905914   21.938233    0.002400
    4.908930   21.951618    0.002401
    4.911945   21.964997    0.002403
    4.914960   21.978374    0.002404
    4.917976   21.991757    0.002406
    4.920991   22.005152    0.002407
    4.924006   22.018556    0.002409
    4.927022   22.031953    0.002410
    4.930037   22.045344    0.002412
    4.933052   22.058740    0.002413
    4.936068   22.072127    0.002415
    4.939083   22.085510    0.002416
    4.942098   22.098912    0.002418
    4.945113   22.112326    0.002419
    4.948129   22.125745    0.002421
    4.951144   22.139162    0.002422
    4.954159   22.152584    0.002424
    4.957175   22.165998    0.002425
    4.960190   22.179424    0.002427
    4.963205   22.192844    0.002428
    4.966221   22.206266    0.002430
    4.969236   22.219686    0.002431
    4.972251   22.233100    0.002433
    4.975267   22.246511    0.002434
    4.978282   22.259935    0.002436
    4.981297   22.273355    0.002437
    4.984313   22.286761    0.002439
    4.987328   22.300157    0.002440
    4.990343   22.313540    0.002442
    4.993358   22.326923    0.002443
    4.996374   22.340299    0.002445
    4.999389   22.353680    0.002446
    5.002404   22.367050    0.002448
    5.005420   22.380424    0.002449
    5.008435   22.393803    0.002451
    5.011450   22.407169    0.002452
    5.014466   22.420547    0.002454
    5.017481   22.433926    0.002455
    5.020496   22.447315    0.002457
    5.023512   22.460707    0.002458
    5.026527   22.474094    0.002460
    5.029542   22.487482    0.002461
    5.032558   22.500869    0.002463
    5.035573   22.514253    0.002464
    5.038588   22.527626    0.002466
    5.041604   22.541006    0.002467
    5.044619   22.554383    0.002469
    5.047634   22.567753    0.002470
    5.050649   22.581121    0.002472
    5.053665   22.594499    0.002473
    5.056680   22.607878    0.002475
    5.059695   22.621244    0.002476
    5.062711   22.634605    0.002478
    5.065726   22.647965    0.002479
    5.068741   22.661329    0.002481
    5.071757   22.674696    0.002482
    5.074772   22.688060    0.002484
    5.077787   22.701416    0.002485
    5.080803   22.714770    0.002487
    5.083818   22.728128    0.002488
    5.086833   22.741490    0.002490
    5.089849   22.754854    0.002491
    5.092864   22.768203    0.002493
    5.095879   22.781566    0.002494
    5.098894   22.794917    0.002496
    5.101910   22.808274    0.002497
    5.104925   22.821612    0.002499
    5.107940   22.834961    0.002500
    5.110956   22.848332    0.002502
    5.113971   22.861686    0.002503
    5.116986   22.875044    0.002505
    5.120002   22.888413    0.002506
    5.123017   22.901771    0.002507
    5.126032   22.915127    0.002509
    5.129048   22.928484    0.002510
    5.132063   22.941837    0.002512
    5.135078   22.955197    0.002513
    5.138094   22.968546    0.002515
    5.141109   22.981901    0.002516
    5.144124   22.995254    0.002518
    5.147139   23.008582    0.002519
    5.150155   23.021918    0.002521
    5.153170   23.035258    0.002522
    5.156185   23.048597    0.002524
    5.159201   23.061938    0.002525
    5.162216   23.075274    0.002527
    5.165231   23.088605    0.002528
    5.168247   23.101938    0.002530
    5.171262   23.115264    0.002531
    5.174277   23.128585    0.002533
    5.177293   23.141902    0.002534
    5.180308   23.155213    0.002536
    5.183323   23.168518    0.002537
    5.186339   23.181828    0.002539
    5.189354   23.195145    0.002540
    5.192369   23.208471    0.002542
    5.195384   23.221796    0.002543
    5.198400   23.235132    0.002545
    5.201415   23.248472    0.002546
    5.204430   23.261813    0.002548
    5.207446   23.275147    0.002549
    5.210461   23.288481    0.002551
    5.213476   23.301820    0.002552
    5.216492   23.315174    0.002554
    5.219507   23.328522    0.002555
    5.222522   23.341882    0.002557
    5.225538   23.355225    0.002558
    5.228553   23.368563    0.002560
    5.231568   23.381898    0.002561
    5.234584   23.395215    0.002563
    5.237599   23.408533    0.002564
    5.240614   23.421846    0.002565
    5.243629   23.435172    0.002567
    5.246645   23.448507    0.002568
    5.249660   23.461834    0.002570
    5.252675   23.475157    0.002571
    5.255691   23.488477    0.002573
    5.258706   23.501800    0.002574
    5.261721   23.515125    0.002576
    5.264737   23.528462    0.002577
    5.267752   23.541793    0.002579
    5.270767   23.555134    0.002580
    5.273783   23.568477    0.002582
    5.276798   23.581827    0.002583
    5.279813   23.595187    0.002585
    5.282829   23.608546    0.002586
    5.285844   23.621908    0.002588
    5.288859   23.635266    0.002589
    5.291874   23.648619    0.002591
    5.294890   23.661967    0.002592
    5.297905   23.675308    0.002594
    5.300920   23.688655    0.002595
    5.303936   23.701994    0.002597
    5.306951   23.715336    0.002598
    5.309966   23.728681    0.002600
    5.312982   23.742033    0.002601
    5.315997   23.755389    0.002603
    5.319012   23.768745    0.002604
    5.322028   23.782104    0.002606
    5.325043   23.795466    0.002607
    5.328058   23.808814    0.002609
    5.331074   23.822166    0.002610
    5.334089   23.835517    0.002612
    5.337104   23.848860    0.002613
    5.340120   23.862201    0.002615
    5.343135   23.875550    0.002616
    5.346150   23.888896    0.002618
    5.349165   23.902243    0.002619
    5.352181   23.915583    0.002621
    5.355196   23.928926    0.002622
    5.358211   23.942281    0.002624
    5.361227   23.955628    0.002625
    5.364242   23.968960    0.002627
    5.367257   23.982285    0.002628
    5.370273   23.995625    0.002630
    5.373288   24.008955    0.002631
    5.376303   24.022284    0.002633
    5.379319   24.035612    0.002634
    5.382334   24.048933    0.002636
    5.385349   24.062258    0.002637
    5.388365   24.075592    0.002639
    5.391380   24.088934    0.002640
    5.394395   24.102282    0.002642
    5.397410   24.115631    0.002643
    5.400426   24.128985    0.002644
    5.403441   24.142339    0.002646
    5.406456   24.155701    0.002647
    5.409472   24.169058    0.002649
    5.412487   24.182404    0.002650
    5.415502   24.195747    0.002652
    5.418518   24.209092    0.002653
    5.421533   24.222437    0.002655
    5.424548   24.235777    0.002656
    5.427564   24.249114    0.002658
    5.430579   24.262457    0.002659
    5.433594   24.275794    0.002661
    5.436610   24.289134    0.002662
    5.439625   24.302467    0.002664
    5.442640   24.315792    0.002665
    5.445655   24.329125    0.002667
    5.448671   24.342455    0.002668
    5.451686   24.355789    0.002670
    5.454701   24.369119    0.002671
    5.457717   24.382443    0.002673
    5.460732   24.395769    0.002674
    5.463747   24.409111    0.002676
    5.466763   24.422469    0.002677
    5.469778   24.435808    0.002679
    5.472793   24.449142    0.002680
    5.475809   24.462461    0.002682
    5.478824   24.475774    0.002683
    5.481839   24.489083    0.002685
    5.484855   24.502396    0.002686
    5.487870   24.515713    0.002688
    5.490885   24.529028    0.002689
    5.493900   24.542328    0.002691
    5.496916   24.555644    0.002692
    5.499931   24.568948    0.002694
    5.502946   24.582256    0.002695
    5.505962   24.595567    0.002697
    5.508977   24.608888    0.002698
    5.511992   24.622206    0.002700
    5.515008   24.635510    0.002701
    5.518023   24.648825    0.002703
    5.521038   24.662142    0.002704
    5.524054   24.675452    0.002705
    5.527069   24.688765    0.002707
    5.530084   24.702080    0.002708
    5.533100   24.715399    0.002710
    5.536115   24.728717    0.002711
    5.539130   24.742030    0.002713
    5.542145   24.755358    0.002714
    5.545161   24.768698    0.002716
    5.548176   24.782045    0.002717
    5.551191   24.795392    0.002719
    5.554207   24.808743    0.002720
    5.557222   24.822085    0.002722
    5.560237   24.835410    0.002723
    5.563253   24.848743    0.002725
    5.566268   24.862087    0.002726
    5.569283   24.875428    0.002728
    5.572299   24.888754    0.002729
    5.575314   24.902084    0.002731
    5.578329   24.915424    0.002732
    5.581345   24.928772    0.002734
    5.584360   24.942115    0.002735
    5.587375   24.955465    0.002737
    5.590390   24.968807    0.002738
    5.593406   24.982155    0.002740
    5.596421   24.995504    0.002741
    5.599436   25.008845    0.002743
    5.602452   25.022193    0.002744
    5.605467   25.035541    0.002746
    5.608482   25.048892    0.002747
    5.611498   25.062246    0.002749
    5.614513   25.075605    0.002750
    5.617528   25.088963    0.002752
    5.620544   25.102314    0.002753
    5.623559   25.115673    0.002755
    5.626574   25.129020    0.002756
    5.629590   25.142367    0.002758
    5.632605   25.155704    0.002759
    5.635620   25.169031    0.002761
    5.638636   25.182354    0.002762
    5.641651   25.195678    0.002764
    5.644666   25.209008    0.002765
    5.647681   25.222345    0.002767
    5.650697   25.235684    0.002768
    5.653712   25.249023    0.002770
    5.656727   25.262369    0.002771
    5.659743   25.275719    0.002773
    5.662758   25.289069    0.002774
    5.665773   25.302425    0.002776
    5.668789   25.315776    0.002777
    5.671804   25.329119    0.002779
    5.674819   25.342456    0.002780
    5.677835   25.355814    0.002782
    5.680850   25.369181    0.002783
    5.683865   25.382551    0.002785
    5.686881   25.395921    0.002786
    5.689896   25.409300    0.002787
    5.692911   25.422681    0.002789
    5.695926   25.436067    0.002790
    5.698942   25.449442    0.002792
    5.701957   25.462808    0.002793
    5.704972   25.476169    0.002795
    5.707988   25.489535    0.002796
    5.711003   25.502907    0.002798
    5.714018   25.516281    0.002799
    5.717034   25.529649    0.002801
    5.720049   25.543023    0.002802
    5.723064   25.556408    0.002804
    5.726080   25.569797    0.002805
    5.729095   25.583189    0.002807
    5.732110   25.596582    0.002808
    5.735126   25.609974    0.002810
    5.738141   25.623374    0.002811
    5.741156   25.636766    0.002813
    5.744171   25.650157    0.002814
    5.747187   25.663563    0.002816
    5.750202   25.676956    0.002817
    5.753217   25.690347    0.002819
    5.756233   25.703739    0.002820
    5.759248   25.717118    0.002822
    5.762263   25.730491    0.002823
    5.765279   25.743852    0.002825
    5.768294   25.757223    0.002826
    5.771309   25.770599    0.002828
    5.774325   25.783979    0.002829
    5.777340   25.797340    0.002831
    5.780355   25.810694    0.002832
    5.783371   25.824050    0.002834
    5.786386   25.837413    0.002835
    5.789401   25.850781    0.002837
    5.792416   25.864159    0.002838
    5.795432   25.877538    0.002840
    5.798447   25.890920    0.002841
    5.801462   25.904307    0.002843
    5.804478   25.917703    0.002844
    5.807493   25.931109    0.002846
    5.810508   25.944512    0.002847
    5.813524   25.957925    0.002849
    5.816539   25.971326    0.002850
    5.819554   25.984724    0.002852
    5.822570   25.998133    0.002853
    5.825585   26.011547    0.002855
    5.828600   26.024953    0.002856
    5.831616   26.038361    0.002858
    5.834631   26.051764    0.002859
    5.837646   26.065184    0.002861
    5.840661   26.078615    0.002862
    5.843677   26.092049    0.002864
    5.846692   26.105484    0.002865
    5.849707   26.118925    0.002867
    5.852723   26.132364    0.002868
    5.855738   26.145806    0.002870
    5.858753   26.159267    0.002871
    5.861769   26.172729    0.002873
    5.864784   26.186192    0.002874
    5.867799   26.199662    0.002876
    5.870815   26.213129    0.002877
    5.873830   26.226592    0.002879
    5.876845   26.240048    0.002880
    5.879861   26.253511    0.002882
    5.882876   26.266966    0.002883
    5.885891   26.280409    0.002885
    5.888906   26.293864    0.002886
    5.891922   26.307327    0.002888
    5.894937   26.320800    0.002889
    5.897952   26.334266    0.002891
    5.900968   26.347742    0.002892
    5.903983   26.361233    0.002894
    5.906998   26.374707    0.002895
    5.910014   26.388182    0.002897
    5.913029   26.401653    0.002898
    5.916044   26.415132    0.002900
    5.919060   26.428631    0.002901
    5.922075   26.442133    0.002903
    5.925090   26.455650    0.002904
    5.928106   26.469160    0.002906
    5.931121   26.482678    0.002907
    5.934136   26.496199    0.002909
    5.937151   26.509710    0.002910
    5.940167   26.523215    0.002912
    5.943182   26.536723    0.002913
    5.946197   26.550211    0.002915
    5.949213   26.563690    0.002916
    5.952228   26.577174    0.002918
    5.955243   26.590650    0.002919
    5.958259   26.604130    0.002921
    5.961274   26.617612    0.002922
    5.964289   26.631084    0.002924
    5.967305   26.644556    0.002925
    5.970320   26.658022    0.002927
    5.973335   26.671490    0.002928
    5.976351   26.684962    0.002930
    5.979366   26.698444    0.002931
    5.982381   26.711923    0.002933
    5.985397   26.725403    0.002934
    5.988412   26.738869    0.002936
    5.991427   26.752344    0.002937
    5.994442   26.765825    0.002939
    5.997458   26.779317    0.002940
    6.000473   26.792814    0.002942
    6.003488   26.806311    0.002944
    6.006504   26.819806    0.002945
    6.009519   26.833315    0.002947
    6.012534   26.846816    0.002948
    6.015550   26.860318    0.002950
    6.018565   26.873823    0.002951
    6.021580   26.887316    0.002953
    6.024596   26.900811    0.002954
    6.027611   26.914299    0.002956
    6.030626   26.927785    0.002957
    6.033642   26.941283    0.002959
    6.036657   26.954783    0.002960
    6.039672   26.968281    0.002962
    6.042687   26.981780    0.002963
    6.045703   26.995292    0.002965
    6.048718   27.008802    0.002966
    6.051733   27.022320    0.002968
    6.054749   27.035831    0.002969
    6.057764   27.049330    0.002971
    6.060779   27.062841    0.002972
    6.063795   27.076348    0.002974
    6.066810   27.089842    0.002975
    6.069825   27.103333    0.002977
    6.072841   27.116828    0.002978
    6.075856   27.130341    0.002980
    6.078871   27.143841    0.002981
    6.081887   27.157336    0.002983
    6.084902   27.170816    0.002984
    6.087917   27.184302    0.002986
    6.090932   27.197788    0.002987
    6.093948   27.211278    0.002989
    6.096963   27.224773    0.002990
    6.099978   27.238267    0.002992
    6.102994   27.251762    0.002993
    6.106009   27.265268    0.002995
    6.109024   27.278780    0.002996
    6.112040   27.292305    0.002998
    6.115055   27.305834    0.002999
    6.118070   27.319363    0.003001
    6.121086   27.332880    0.003002
    6.124101   27.346415    0.003004
    6.127116   27.359948    0.003005
    6.130132   27.373473    0.003007
    6.133147   27.387010    0.003008
    6.136162   27.400551    0.003010
    6.139177   27.414094    0.003011
    6.142193   27.427641    0.003013
    6.145208   27.441183    0.003014
    6.148223   27.454728    0.003016
    6.151239   27.468285    0.003017
    6.154254   27.481834    0.003019
    6.157269   27.495388    0.003020
    6.160285   27.508920    0.003022
    6.163300   27.522444    0.003023
    6.166315   27.535961    0.003025
    6.169331   27.549486    0.003026
    6.172346   27.563016    0.003028
    6.175361   27.576548    0.003029
    6.178377   27.590080    0.003031
    6.181392   27.603622    0.003032
    6.184407   27.617177    0.003034
    6.187422   27.630722    0.003035
    6.190438   27.644272    0.003037
    6.193453   27.657816    0.003038
    6.196468   27.671370    0.003040
    6.199484   27.684933    0.003041
    6.202499   27.698501    0.003043
    6.205514   27.712087    0.003044
    6.208530   27.725662    0.003046
    6.211545   27.739223    0.003048
    6.214560   27.752774    0.003049
    6.217576   27.766329    0.003051
    6.220591   27.779874    0.003052
    6.223606   27.793421    0.003054
    6.226622   27.806977    0.003055
    6.229637   27.820542    0.003057
    6.232652   27.834120    0.003058
    6.235667   27.847709    0.003060
    6.238683   27.861292    0.003061
    6.241698   27.874876    0.003063
    6.244713   27.888444    0.003064
    6.247729   27.902025    0.003066
    6.250744   27.915615    0.003067
    6.253759   27.929211    0.003069
    6.256775   27.942807    0.003071
    6.259790   27.956395    0.003072
    6.262805   27.969978    0.003074
    6.265821   27.983564    0.003075
    6.268836   27.997138    0.003077
    6.271851   28.010712    0.003078
    6.274867   28.024287    0.003080
    6.277882   28.037853    0.003081
    6.280897   28.051422    0.003083
    6.283913   28.064999    0.003084
    6.286928   28.078576    0.003086
    6.289943   28.092157    0.003087
    6.292958   28.105736    0.003089
    6.295974   28.119306    0.003090
    6.298989   28.132888    0.003092
    6.302004   28.146466    0.003094
    6.305020   28.160040    0.003095
    6.308035   28.173611    0.003097
    6.311050   28.187189    0.003098
    6.314066   28.200765    0.003100
    6.317081   28.214358    0.003101
    6.320096   28.227952    0.003103
    6.323112   28.241543    0.003104
    6.326127   28.255153    0.003106
    6.329142   28.268765    0.003107
    6.332158   28.282371    0.003109
    6.335173   28.295973    0.003110
    6.338188   28.309567    0.003112
    6.341203   28.323162    0.003113
    6.344219   28.336761    0.003115
    6.347234   28.350354    0.003116
    6.350249   28.363949    0.003118
    6.353265   28.377551    0.003120
    6.356280   28.391154    0.003121
    6.359295   28.404758    0.003123
    6.362311   28.418359    0.003124
    6.365326   28.431975    0.003126
    6.368341   28.445585    0.003127
    6.371357   28.459203    0.003129
    6.374372   28.472813    0.003130
    6.377387   28.486423    0.003132
    6.380403   28.500043    0.003133
    6.383418   28.513653    0.003135
    6.386433   28.527258    0.003136
    6.389448   28.540867    0.003138
    6.392464   28.554472    0.003139
    6.395479   28.568071    0.003141
    6.398494   28.581667    0.003143
    6.401510   28.595262    0.003144
    6.404525   28.608854    0.003146
    6.407540   28.622439    0.003147
    6.410556   28.636026    0.003149
    6.413571   28.649622    0.003150
    6.416586   28.663220    0.003152
    6.419602   28.676816    0.003153
    6.422617   28.690405    0.003155
    6.425632   28.703995    0.003156
    6.428648   28.717579    0.003158
    6.431663   28.731157    0.003160
    6.434678   28.744725    0.003161
    6.437693   28.758301    0.003163
    6.440709   28.771888    0.003164
    6.443724   28.785472    0.003166
    6.446739   28.799047    0.003167
    6.449755   28.812612    0.003169
    6.452770   28.826184    0.003170
    6.455785   28.839733    0.003172
    6.458801   28.853288    0.003173
    6.461816   28.866838    0.003175
    6.464831   28.880376    0.003177
    6.467847   28.893903    0.003178
    6.470862   28.907426    0.003180
    6.473877   28.920949    0.003181
    6.476893   28.934463    0.003183
    6.479908   28.947975    0.003184
    6.482923   28.961487    0.003186
    6.485938   28.974991    0.003187
    6.488954   28.988492    0.003189
    6.491969   29.001990    0.003191
    6.494984   29.015485    0.003192
    6.498000   29.028983    0.003194
    6.501015   29.042477    0.003195
    6.504030   29.055966    0.003197
    6.507046   29.069474    0.003198
    6.510061   29.082953    0.003200
    6.513076   29.096435    0.003201
    6.516092   29.109917    0.003203
    6.519107   29.123397    0.003205
    6.522122   29.136885    0.003206
    6.525138   29.150358    0.003208
    6.528153   29.163839    0.003209
    6.531168   29.177309    0.003211
    6.534183   29.190775    0.003212
    6.537199   29.204241    0.003214
    6.540214   29.217700    0.003215
    6.543229   29.231158    0.003217
    6.546245   29.244626    0.003218
    6.549260   29.258093    0.003220
    6.552275   29.271556    0.003222
    6.555291   29.285026    0.003223
    6.558306   29.298494    0.003225
    6.561321   29.311967    0.003226
    6.564337   29.325437    0.003228
    6.567352   29.338907    0.003229
    6.570367   29.352374    0.003231
    6.573383   29.365840    0.003232
    6.576398   29.379316    0.003234
    6.579413   29.392773    0.003236
    6.582429   29.406231    0.003237
    6.585444   29.419695    0.003239
    6.588459   29.433166    0.003240
    6.591474   29.446642    0.003242
    6.594490   29.460118    0.003243
    6.597505   29.473599    0.003245
    6.600520   29.487079    0.003246
    6.603536   29.500562    0.003248
    6.606551   29.514046    0.003250
    6.609566   29.527525    0.003251
    6.612582   29.540999    0.003253
    6.615597   29.554481    0.003254
    6.618612   29.567966    0.003256
    6.621628   29.581441    0.003257
    6.624643   29.594922    0.003259
    6.627658   29.608405    0.003260
    6.630674   29.621899    0.003262
    6.633689   29.635391    0.003263
    6.636704   29.648899    0.003265
    6.639719   29.662396    0.003267
    6.642735   29.675896    0.003268
    6.645750   29.689391    0.003270
    6.648765   29.702892    0.003271
    6.651781   29.716392    0.003273
    6.654796   29.729882    0.003274
    6.657811   29.743391    0.003276
    6.660827   29.756890    0.003277
    6.663842   29.770404    0.003279
    6.666857   29.783911    0.003281
    6.669873   29.797408    0.003282
    6.672888   29.810909    0.003284
    6.675903   29.824420    0.003285
    6.678919   29.837936    0.003287
    6.681934   29.851442    0.003288
    6.684949   29.864948    0.003290
    6.687964   29.878462    0.003291
    6.690980   29.891969    0.003293
    6.693995   29.905477    0.003295
