  -3.8258831943350184       -3.0069313051125501       -1.2824962872012906     
  -2.5076174178259905       -6.7998503901232796        1.7084491406210571     
   1.4776679664954770        4.5597968768831096        3.0941408559477166     
   4.3921531281360027        1.3053460616193990       -1.6227076122366808     
  -5.0162387624810174       -4.6719284062578437       -2.0549279189197778     
 -0.24076731777499721        2.1529595116262428       -2.8975437115972356     
  -5.8784031341578320        1.5649471086661215      -0.53048917170027443     
  -2.0824319421842055      -0.27724898079458671        2.6282218370307109     
 -0.52353907463322580       0.95467629932994791        2.3566300026972811     
   1.1278290245133897       -9.3116275140934610E-002  0.72536825842043184     
   4.5089236102183463        3.6427605138641632        4.0647775942904962     
   2.9746736458495073        3.7686338589255715        6.6943061650465445     
  -4.4216988041745919        1.3572693756351260       -1.9705827941918665     
   2.3684959545874196       -2.4020030806974235       -2.9602284812565220     
  0.15146003784242684       -5.7665510609910084       -2.9390135248929554     
  -2.9777614848786307       0.66460000830555099       -2.3509243934584863     
   6.2440061282482651        9.2537018351601201        3.1855484455963445     
   3.2585363829272174        3.6105240824677183        2.1624279193083944     
   2.5516997868063158       -4.7037056646146498       -5.7087132309454169     
  -1.4615519129726859        7.2180991085591302        7.0722193468479455     
  0.12954155805916998       -3.1209460894989047        2.0695161431057505     
   3.7931364432011039       -5.0225694559895144       -1.2431100232103065     
  0.62069675339405539        2.0698880416341114        1.0978631660008229     
   2.3134508179778606       -6.0765271810366999       -4.2111607001165297     
 -0.42726682747293293        3.2080755869219031        1.5529217995772817     
   4.6404531660345167       -7.1708175162007963       -3.4694589863219232     
   2.6195185995346879        2.8575261134872632       -2.5170577718039033     
  -1.2072382832891566       -3.2132613191960426       0.79408458599215204     
   1.7767686035710772       -2.1113553387521891       -1.0791186655804548     
   2.2716212317813489        2.1246192816969893        5.9296962544894143     
  -3.2903966192113070       0.53967322884575886       -5.8812400202448698     
   1.6176097368691567       -4.5149098087285005        2.8291877480927758     
  0.40645207236627889       -2.5521995476612456       -3.6926134722553776     
   3.7661348829796699       0.79254604612665325       -3.2783569746173655     
 -0.44228505910939830       -6.2060017549302158       -6.4905114966533075     
  -6.5641137510356478        6.9441339525390502       0.10983856162003547     
   3.0186136107764350       -1.0121625424296055      -0.17107205360742711     
   3.0840775753850660       -6.2005265922026735       -2.5648386807015755     
   1.1809320249033548        4.6905483461465920        5.0620954838768304     
  0.86626105104645768        1.9490563535311505       -4.0642044255982501     
  -2.6110756041746095      -0.37201793276153367        4.4576035437256012     
  -1.7561869456287940       -1.7417645004151971       -2.3292359147448729     
  -1.7328973716952079      -0.36614202801491330       -2.1419565374582379     
 -0.45404058573461614       -4.6935096005556245        1.3726008745651159     
  -1.4773554296211329        10.117890083748652        2.5647151131172583     
   1.3952282800701206       0.19197890712460469        3.3055715977336120     
   8.9761538451069409        2.1647129468779092       0.51592967060434047     
  -2.4605860083140754        4.0629297169190730       -1.0348119942043319     
  -1.4148059635850869        1.2334666603885744       0.21127818588727520     
  -5.1930511457608679        1.6743817403325330        3.2485290752166893     
   2.2521068090235707        1.8174793630129533        4.1857598108239262     
 -0.80646227904033552        2.7956541876756060        5.5171677495795812     
   1.1531664395148777       0.56265170560554978       -1.4618648200365056     
  -1.7838319994187921        4.1271617272879002        9.4447134914277751     
  -2.2500122902397623       -1.9994037166916678        1.1499726408062632     
   4.4436022477044759       -2.3722809500320343       -7.2394954981048576     
  -2.3386641391625682        1.2768645437823907        2.9965965441285833     
  -1.0999425453741503      -0.99355249001867940       -1.7840378466370959     
  0.52459409083999442        3.9879858512762034        4.9265080654598048     
   1.4153763764503229       -3.8361986585843755        1.9289546531168504     
  -1.0181899866698794       -7.5985616248582435       -2.3635477745209330E-002
   4.0610220051192467        1.8953959683608335        2.6749545152153722     
  -3.8139764205818745        6.0386239060388025       -3.8375142801663400     
  -6.5322981273421359       -1.4100403456646782      -0.12252493081749284     
  -4.7515143306510836        4.9663516093569902        2.4747874348282068     
   10.001062934432445       -2.2478472964721399      -0.68582237020720571     
   3.5685800108093124        1.0656513157050738        2.7818881386141499     
  -9.8536531701150967      -0.43591230318531382       -1.4235241584177454     
   4.2936873278562437        3.8730697497373181        2.1330554889112161     
  -2.4676220009586887        5.2154898011921746       -3.0304867677188416     
   1.3052339124893872      -0.74516861737160067       -4.1667612590231977     
  -3.1215797419144957       -2.2741909039319368       -1.1612946430019930     
  -5.1042840268460532       -6.8438186301330264E-002   7.2405628332259706     
   2.8023885845861392        4.1442312199445732       -5.5944730882750466     
   2.0965875632001283        5.0919441134964964       0.73638575264451445     
  -3.6462197457852801       -2.5472388564436409E-002  -1.8537776426064283     
   7.1476067007572803       0.26831841640042192       -4.7855373875350491     
   1.5477904952851143        5.2442275146938160        3.8322347352314714     
  -3.7720246950786711       -4.4323266640353118        2.0469234949659847     
  -3.3132623813538253       -4.2421144108309461       -2.1936187964367129     
   1.1933977611369850      -0.83343123173284772       0.11392903770464663     
   4.2766995851522873       -4.1861230107355683       -4.5819339782759378     
   3.2909948188345219        2.9325980446683921        2.9548906427811290     
  -4.9535416320954049       -7.2371967609389882        1.2473540069531430     
  -5.1076885306034701        1.1854693094584274       -1.0772531707762794     
 -0.42968677540743622       -2.6118887759997595       -3.1829452639371385     
  -1.5978814254268543       -5.7670066470881016       -8.6870597593888714     
  -2.0174425867442256       0.72529512163928422       -4.6722695628490998     
  -9.0824054473516309       -2.6855065926892978       -2.3184838437286048     
   2.8823547733707202        2.2273551315401137        5.2123261733516104     
   1.8579650268170740       -3.9637992772690680        1.0442388514138483     
  -1.2069311524477448        2.8501651526632283       0.94415434192246506     
   3.6163120015274344       0.20485882559112217      -0.79603458635381419     
  -1.2187426237005035        4.7127338093183129      -0.64392382187341879     
  -2.3656951490990652       -1.4407144154435125       0.19563695843610276     
   6.3347235236564838       -6.7564641028304173        1.5826262834774292     
   2.0817526723996886       -2.6024091162743659      -0.19909847165746003     
 -0.33469882650598254       -3.5742574972281016        6.1046143189946056     
   3.3142386403112045       -1.0501717729812856        1.6729441844458148     
   2.8024560947920012       0.63087635290253508        1.5318950449745636     
 -0.41195692213743029        7.1955582736408523        6.8119782798737587     
 -0.32852883367987706      -0.19753590044355196       0.64130129224819843     
   4.6032000727522950       -3.4465051633568393      -0.24610678372504452     
  0.48130331640425522      -0.64869079626528958       -4.7596276742036938     
   3.1780033541471240        5.1483360026278939        2.7164909576143113     
   5.5821313333045763        1.3768288278182041        2.6376431645058496     
   6.0567351711590760        1.7908343762305057        5.6992022936792743     
  0.98749574894418579        2.2387227316632092        1.9747021945022341     
  0.50825643689248234       -3.8295512333968627E-002  -3.9609971148612946     
   3.7535041579372157       -9.9918778514939852       0.17169058846956711     
  0.14419363573135591       0.84772743528082384        1.4580555382027729     
  -3.6131143837848176        5.6179365675074537      -0.94343864862585358     
   1.1254808576165185        2.5207657893692974        3.7577991058548932     
   5.7046900374978993       -2.0561616058832151        8.2899080210523266     
  0.97493416430274971       -4.5284973072992418      -0.81930147911502549     
   3.6410486702919167       -9.6988389508900236E-002  -6.7035754428097425     
   3.2311654719445162        7.2108162528902175E-002  -4.1979506305740548     
   3.4158775887893564        6.8800972635618329        1.7261913121634771     
 -0.91092639320220559       -3.2039902487919569        2.9741246636467187     
  0.61058100191112885        2.1609333128107955       -2.5432090282025870     
  -1.1641652430117788       0.13960279184074184        2.4100291103419105     
   2.1347185918221450       -1.0488229730839034        2.4661946560955474     
  -4.3490438693317444        2.3540586374509589E-002 -0.30141667747200890     
  -1.9130385264998842       -1.0369638166818944       -2.9428747306481924     
  0.53166684360066674       -2.5010659523326488      -0.31173261912835643     
  -4.1824114527435157        1.7888687922942554        7.3739851933342866     
  -5.7546279112655787        1.4674858012475749        4.0622205734753747     
   3.0613135159369027      -0.45173433387804396       0.92617324959518310     
  -1.6193133858699846        1.9684005088113421       0.91265095759641857     
  -1.2142449730430707       -3.5390376242565309        4.0112454311205621     
   6.5206922183638927       -2.7164819661751056        1.3822689331123887     
  -1.6326693534780929        1.2202011009703366       -2.6756396524885182     
  -5.5026347412951031        4.6817833677217013        2.0392980242779815     
  -1.2066863049696943        2.5373463051232772        4.0092600078737686     
   2.2328000369631780       -2.9785745065803502       -1.0531330907454115     
  -1.0672430652334275E-002   1.5002754885805338        3.1013457657694867     
   4.9405252922835476       -2.0914086898145694        5.5445772056173386     
   3.1082206805201857       -3.7238291567283226        1.2696245917400131     
  -1.5258985862750580       -3.0433231574568156       -1.6412870123912990     
   3.5031026925075528        2.4215967126782623        1.1170290303428441     
  -3.0178734780187062        3.1846304044454170        1.5728228422843284     
  -8.3862714432672050       -1.7876276827032067        3.7819346209394400     
   8.2991081782882414       -1.9670974320880099       -7.0208955459844669     
  -1.9861419340547131       -1.7486302243745719      -0.60566076658923551     
   1.9507181443632724        3.6631001979473026        3.5641076387704937     
   2.4422440622136521        5.5046810245495106        3.3936126045394470     
   1.7982315474230446       -3.9631212993659255       -1.3617187151180583     
  -4.7413214943328015       -5.3184290533886038        2.1295619197644284     
  -3.2909932538438360        1.1114028693589939       0.23246719311388214     
  -1.8912677471884407        5.2933407179265455        1.9899575087901435     
  -3.4916347153848193       -7.4441861640335478        4.0710425543405133     
   2.8785218185796468        1.3802731302329496        3.6255536194391480     
  -3.2259258459986548       -1.1103342028491507       0.37482952907084455     
   4.2513519530164086       0.39168174699247404       -4.1926735758197360     
  0.24719357867212435        5.8904173325641347        3.0247285663097396     
  -1.9035657710516527       -4.0388658452455548        3.4164990015064749     
   3.8358606451710595       -2.1515016807184333        7.5742263815463415     
 -0.46313364620913672        3.8102984561796878        5.1643840174437816     
  -2.8453071140613875       -2.9149971301261934        1.0148345827277017     
   7.3084510843401906       0.88453281980123910      -0.29865160840435401     
   1.0484748678427573       0.32996458382288302        2.4002545091873984     
   3.7237728582800966        2.1942547158428241       0.23815665991976595     
  -1.1501763282435022        3.6835338441132826       -5.0967366632459745     
  -4.6629204199618108       -3.7554164780353911       -5.1115767338863272     
   2.9965989204037649      -0.91484889975878070       -1.7107171720446814     
  -3.0297493767610386        3.2195062930911593       0.63579080914964492     
   1.7341496450705998       0.67066935959371210        7.8837511721442857     
  -9.5067529830071500        2.3339042772579748        6.5463616016544890     
  -2.0687318579809824        1.9432249583816452       -1.1537726448736554     
   1.8022517092165502        2.6678523343914922      -0.39119515565010771     
   6.5471216252356257       -1.9504502344700363        4.2250830824849803E-002
  -3.0164863385228573      -0.60930016099432172       -4.4119632888859641     
  -1.3337808858590807      -0.34700234112022055       -3.5875549523721051     
   5.1697308413457392       -2.6769523085767211       -3.3279352017282666     
   5.6506774166152356       -1.5166386239783780        9.6315356840024596E-002
 -0.46281456456589770        7.2264766752116829       -3.8223256851037704     
   4.1592486094025158        1.0550626596893342       -4.9998194655326786     
  -4.0241231083330797       -1.5579257932437804       0.76421296672152317     
 -0.23722929458056088        5.0352758392696231      -0.87763945037188484     
   5.4490017043787340        5.9625046214100568        2.7192097003052722     
   1.3551284936640660       -6.3783477814201248        6.9927904007937043     
 -0.90417079241508758       -1.6132866792751464        1.9922844472187597     
   4.4921951471680144        1.6651879209858094       -2.5178477284429399     
  -1.0142257604235980        6.1035561146770299       0.99965040827128915     
  -1.0280133596895253        1.4823557651592372        3.7023076809865039     
  0.97455514359188911       -1.6809288086408098       -3.9431630316124262     
  -2.0241338620219635       0.98405692917341725        1.0505102744345325     
  -2.8099118454280485       -4.3393031846813397       -3.6790976099785322     
   3.1303906296350976        2.1175955054687021        4.1859399384851637     
  0.11233203625054639        7.0838397603669661        4.6863111703504252     
  -1.2229244451261558       -6.5701999832410358       -1.9827578626236011     
   7.5157458369036423       -1.6931363665679511        1.5264880757852723     
   5.3909039762317441       0.13058178269206752        1.4585817093117546     
  0.86821272495356405      -0.99700694541890700       -1.6978970699507745     
  -4.5362352073875405      -0.11637086946372686       -3.6254411700712397     
  -8.5337400583206708       -4.9298340035066230      -0.38423524558474076     
 -0.76715325026719061       0.70847634126174341        6.0202203294021333     
  -1.6748027132203840       -2.5305039497971853       0.11524928819116953     
  -6.0221353992670350        3.5355092558208292       -1.2427636037081942     
   2.0764586631419220        1.3233041581904808        7.0252429900505913     
  -4.3486619303269256       -3.2677094723293658        4.1973890123907118     
 -0.14390251918100422       -4.0499189464962546       -9.3411645370792655     
   1.4965475974945843       -3.1965827125648802        4.8879488603318624     
 -0.60436714230665578       0.63839263918376965       -2.7136637847656191     
   4.1061707965524157        5.3455336130299669        2.7003446745927944     
  -4.6386064044123563       -3.4535132169114216E-003  -4.8591702921448574     
   3.8611521725886311        1.6997803856961105        3.5686370714149320     
  -5.1330532275916489        3.9407829198022859        1.4302645381675518     
   1.8990777074150664        7.7182281558056625        1.8024959988556850     
  0.48862552222640054       -2.1236022599830942       0.64515712634295119     
  -2.0284328257583981        5.9318250438590834        1.2117116655615787     
  -6.6626623420458992        3.9297538806057184        1.1462064083755117     
 -0.61352882652102214       -2.8990891675042323       -9.2434036598372099E-002
  0.30964529781944605      -0.15639079265021572        1.3690406543470370     
   1.6652074420343919        1.9667742424714001        1.3594334502174679     
  -2.0204801846489215        3.0694822394465326        1.6926905584068346     
  0.27126807480150533       -5.1498218457087193        9.7646295510326289E-002
  -6.3488120539287642       -2.3220841988648853       -4.5625604368736941     
  0.66016698809047192       0.78461124728801523       0.61178551364429268     
  -4.9848715309272418       -7.7280517834546387      -0.40679239380780052     
 -0.98322386456537525       -1.2784640852538813        6.1950070111556990     
   8.0796909027570898       -5.8828210623819839        1.3583190707255017     
  -1.1829158681841057       -2.6480366643587590        4.4638009894298118     
  -1.1269548415368063       -2.1074702080590195       -1.6599600022359720     
  -4.8431893903805916       -2.3082992887795166        5.0651724261233202     
   2.7828495705829388        4.5513460460038075       0.38817566417043337     
  -5.9881064926257013        5.9301797157795750        4.2582726809051170     
  -5.9216702691191072       -3.5800802110553889       0.50320234793484675     
  0.19644602761427796        2.9470733309041020       0.87324532872334570     
  0.96112742258051431       -3.3188262221051392        2.8303848895825854     
  -3.6186337727911533        1.5338177299620146      -0.54164080518370883     
   3.3702874571113397       0.89105717122108374       -1.5991213387877183     
  -1.7181409550138051       0.51885802273018578       -3.7970950781218904     
  -1.9564352517514434        1.6475877232380680        8.7776227210518609     
   2.6316771400504022      -0.17598703216531877       -1.1909242517219758     
  -3.3808450485229664       -5.3207532077905704        4.8865725268979521     
  -2.7958815632196736       -1.4015143492736637       -1.5719421908708855     
  -7.7989186811663007       -5.4673047314605299        4.7359341082709960     
   2.3414573073072242        1.3997278670164659        8.0580121560351241     
  -1.9110523968837982        5.9531814793126303       -1.3199949466655725     
  -5.8567882381922294       -1.2292659642831896      -0.84967714044834641     
  0.11223819462050140       -11.935979456249658        2.1190652137366208     
  0.87074285215185465       -5.1487941518620950       -1.6076498624346118     
   4.0637934093335017      -0.54179175299241000        1.2047694207900528     
  -4.3924174814656531        2.2640292492005654       -4.1904976846334465     
  -3.6834553980642903        3.1136047355118244        3.8704646817836825     
   1.8256861059709191      -0.67181683337168818        5.6908140122297564     
   5.1086451090155016        1.8652766674716315        3.5474929282235905     
  -1.6487460174588062        3.0154751437221323       -2.0736909272815369     
  -6.6964542872234976       -1.0984113816495065       0.77560885466232110     
   1.3020515627114042       -1.3963843705178589        7.9414599462715278     
   1.3477186369384468        1.3068746866253282       -11.575979810620129     
   5.6925690816334011      -0.66690184726514501        1.8820926330511740     
  -2.3518118861611517       0.18569837613830209      -0.70650592310491100     
  -4.8818899454659999       0.43545974693583256        5.3458112787083865     
 -0.12725907290041899      -0.99167542472987347       -2.3598936569392115     
  -1.3204290752366949       0.98702035533679400        1.6830527306195679     
  -5.2087447622142076       0.21695230056674333      -0.69996040427128858     
  -4.3226030111303553      -0.49245221910442027        4.4402634029337973     
 -0.14328863576496517        2.3194548152899737        6.1784978861102724     
   1.2677108602049298        1.5673369495984972       0.53665405129311894     
   2.9467823975142546       -1.9419602847935782        5.4249567566874148     
 -0.18435066767194044       -1.0456894052292882        1.5736528608143667     
  -2.2999406946145537       0.69221967878826418       0.11472315909412721     
   2.0214756210577804       -3.1473453185719671        2.5334957863393255     
   4.7449522178165013       -1.8524738017356407E-002  0.70268732003683321     
   4.1136588753868715       -5.9846340093577082      -0.78165701846912217     
   4.0674716166270688       -5.4948258931494136       0.98399619880335887     
  -4.3131586696647677       0.77098134228555193      -0.89141801419819577     
   1.0405854896222955       -4.5902724587229011       0.17599774351151171     
  -1.0044940277705163        2.2865630703948545        2.1984430885715360     
  -2.0405549303746837        2.8059557185146473       0.27689035078095592     
  0.16102468840124379       -1.9431974105493837        5.1313990652797301     
  -2.9164083172112427       -1.0351689740024335       -3.3723471538931475     
  -5.6685384397004723      -0.43214481001296007       -5.0702996103670275     
 -0.40964081394457724       -3.9651363477344832        3.6866198163898782     
   1.2833070785461469       -2.5623995878379611       -6.1217861957041659     
   2.8556631601112050       -6.3343645661472090       0.43922533296835181     
  -1.5057327815140882      -0.21751345833728830       -1.1048469311135896     
  -2.6283999496506749        3.4497978266130911       -1.9539902541198779     
  -1.4718724204284275        3.7311904861177836      -0.72735165213403941     
  -2.5489882873262015       -4.5106878362127798        1.0227192730080708     
  0.16214299033456020       -1.6031498469826868        3.8725554646336064     
  -6.9752922148741776       -5.8438406188235179       -1.3623705816083884     
   5.0461640533014149       -7.6853567309157498      -0.34261568664749920     
   2.4721508096092148       -1.3610376862416935       -1.0353144206466542     
  -2.9379833497830585      -0.75604928462114662      -0.48310170368142646     
  -2.7841130714849491       -1.3632505982082181       -5.2741508171178779     
 -0.79714352796454757      -0.37985848400283895       -2.5927889727803897     
  0.92443480221423979      -0.27955333573186081        6.1750104994849417     
  -6.7946478975484021       0.35628347409873512       -3.1943788265710191     
 -0.81429337343280139       -5.0787866075319137       0.44352487127740259     
   3.1075287240371758        4.4163468569455855        4.7362230997157466     
  -9.9167949775191957       -2.2167135444361641       -2.1516710049554066     
  -3.8450887847105695        1.4596748826774912        2.0573714262524927     
  -2.5001128400363082       -3.3877085545442607       -4.0002191947157231     
   1.7621114023832132      -0.24115559992342933        4.0878272264906581     
  0.36505199788370596       -3.8717463622212960      -0.24101927908955575     
   1.0765374983617260        2.8669766113078041       -2.0821739598864397     
   2.0783469630140439       -6.2446607725978245        3.8296929399647288     
   2.8339519593746667       -2.8637196817334289        2.9380358653514240     
  -1.9173067012670097       -4.1079981882668859      -0.92314762281910290     
   2.2368809798982183        2.5922103375027388        3.6527072940160408     
  -3.3708915866025402       -2.2212881949508527       -3.0939874138132333     
  -5.4282581616011409       -3.3930237941077674      -0.45794762593398247     
   3.0680721884807611        2.4533885168578995        6.1943348310704822     
   2.3223952770260210       -1.0773908695020269        1.5170090640763849     
   1.7963024137847536       -1.3771606783790313        5.1048908055276030     
   6.5131314164303742       -1.7451034211392564        1.0299031281814812     
   1.0316591519347504       0.51792734273179386       -2.8100704578494984     
 -0.67352173434508134       -1.3673500280340312        3.0420946330480239     
  0.73611986443217758       -3.5593580911657852        4.1629212085371128     
   6.2461802315963011       -1.7783490201877254        4.5170668552462470     
   4.5001122280116572        2.3662767996304450       -1.8607283477889867     
   4.7076140370220374       -4.2961365435890411        4.2895765655981215     
   2.8925867244143602       -4.3101908486283813       0.48947387764756511     
  -1.6296651350933418        2.0941315145348294       -2.1442768672880641     
   1.1970946802152886       -1.4154603372123309        2.1207696453659008     
  -3.1256755586256761       -1.3205887143358479        4.5605841577652804     
  0.80116417062663303       0.88279663393561270        3.2456802513593916     
   1.0621986891097781      -0.24920460986502305        4.7406803297461195     
  -6.6889436732367109        2.8089469211469495        5.5015663009469291     
   6.4671538479136439      -0.57110481874497598        2.4319028188540104     
   4.1300886137445758       -3.8722772900973550       -1.1292056548991416     
  -6.4596288526866061        2.8330802264781787        2.7667476514028539     
  -2.3022522025776504       0.30755036162740818       -1.7483453533469639     
  -1.4144244608481853       -2.0323577764138996        2.8667699324767635     
   5.0325776137381526       -2.8341323538100434        1.5003262274589777     
  -5.7261504401465242       -2.7206724052803022       -2.9747932939514281     
   5.5030886398853536        7.2771082146995489        4.1414880452481029     
 -0.44073587816473475       -3.9328887477575734        2.6134508251750499     
   2.3315958795584999        5.3847325743073187      -0.14460247538566340     
  -2.3231736744113682        1.7004683648684713       -6.7278573672362905     
   3.6360760358616528        3.0476192962249322      -0.24546726416430942     
  0.18170230601006390       -2.7947521158026687        5.7868092637856918     
   1.6478475427632464        1.3763797510019031        4.9636727023105793     
   2.6955290083191810       -1.5732602349081177        4.4543323161586299     
   12.122664721514056        2.2255975287862872       -4.3831781903264631     
  -6.5726021586638597        1.1391016585137690       -4.6587236789134732     
  -9.7104102403792261E-002  -4.9537773541187375        5.1327843653619709     
   6.5426169755323160       -2.3432969686281937        2.6543048996230199     
   2.2503812322680119        6.0299790569273908       0.49778236103396722     
  -1.7947911377540258        1.0470077871043943        6.3842187055202126     
