                       NaN                       NaN                       NaN
                       NaN                       NaN                       NaN
                       NaN                       NaN                       NaN
                       NaN                       NaN                       NaN
   8.9167623246315537E+022   6.6875718071357069E+022   1.2817845910255776E+023
                       NaN                       NaN                       NaN
                       NaN                       NaN                       NaN
                       NaN                       NaN                       NaN
  -234080652682311.66       -23431304524083.141        57362793043248.383     
   2.8883503030230240E+017  -1.9455145326386032E+017   3.0644733769399149E+017
   63235603404945.836       -16873240039499.293       -11875324626931.957     
                       NaN                       NaN                       NaN
   1.6101944868749545E+050  -297336708304602.75        3.2203889737499089E+050
   3.1802352476145477E+020   2.0298157756475202E+020   5.0579939330749669E+019
                       NaN                       NaN                       NaN
  -4.5798988228263890E+036   2.9613743913339373E+035   2.6346407107030929E+036
   3.0023578125933587E+025  -1.3531378939869020E+025   6.1133043025344101E+024
                       NaN                       NaN                       NaN
                       NaN                       NaN                       NaN
  -2.2344045890350336E+017  -1.7830202174015629E+018   2.1183929024443395E+018
   19435151806318.750       -9110052755336.3301       -4858927405533.0752     
   12414.703582901444       -3.7149803331540385E+046  -926841.64632515039     
   7.2285015786082142E+026   1.3263667679592621E+027   1.2035971597899884E+027
  -5.4005224952855239E+031   5.4005224952855239E+031   1.6651611027130366E+032
                       NaN                       NaN                       NaN
                       NaN                       NaN                       NaN
   8.8912115744172043E+024   1.5242076984715207E+025  -1.2701730820596007E+024
                       NaN                       NaN                       NaN
                       NaN                       NaN                       NaN
  -25805754984402.660        31832203731468.176       -156928435237722.28     
                       NaN                       NaN                       NaN
   1.8027683133487654E+036  -8.0062178627161631E+036  -8.7440974343213055E+035
  -98892687307.362045       -56863194870.123657       -59335517503.247223     
                       NaN                       NaN                       NaN
   25805727011945.059       -31832209256045.781        156928452457731.62     
   86488753219199376.       -3.6708624933520486E+018  -8.3026757860375488E+017
                       NaN                       NaN                       NaN
  -86088031097537.266       -51380073320930.891        20028533.932411496     
  -1.1774775633397877E+028   7.0648653800387251E+028  -1.1774775633397877E+029
                       NaN                       NaN                       NaN
                       NaN                       NaN                       NaN
                       NaN                       NaN                       NaN
                       NaN                       NaN                       NaN
  -1.6438330204440774E+037  -2.3275046926279324E+037   1.1233567041189296E+036
                       NaN                       NaN                       NaN
  -9.0738867925442582E+043   1.9299801100907478E+044   2.2312237585256092E+044
                       NaN                       NaN                       NaN
  -2.6520641737644866E+042   3.2970492849565543E+041   1.2840128150590347E+042
                       NaN                       NaN                       NaN
                       NaN                       NaN                       NaN
                       NaN                       NaN                       NaN
                       NaN                       NaN                       NaN
  -45381622578271.734        2317403221143826.5        152742707927173.25     
                       NaN                       NaN                       NaN
  -3.0023578125933587E+025   1.3531378939869020E+025  -6.1133043025344101E+024
                       NaN                       NaN                       NaN
  -627462522.96188486       -211099189.84510648       -23711605.633824393     
                       NaN                       NaN                       NaN
  -2.1557304431818456E+021   2.7998409329604590E+021   3.4280018836504216E+020
  -23772836.992106829       -8583530.8940530047       -22675471.129274406     
   1.6438330204440774E+037   2.3275046926279324E+037  -1.1233567041189296E+036
  -1.2052626595595724E+022   4.4748581724716023E+021  -1.1761995884599810E+022
  -736113903713.43042       -6415009040.9329796       -1551872629358.4626     
                       NaN                       NaN                       NaN
                       NaN                       NaN                       NaN
                       NaN                       NaN                       NaN
   38336540210.595268       -26608748415.286034       -58687613160.011459     
                       NaN                       NaN                       NaN
                       NaN                       NaN                       NaN
                       NaN                       NaN                       NaN
                       NaN                       NaN                       NaN
   3.8471585190775204E+018   7.5280819586058691E+018  -1.1019020309736598E+019
                       NaN                       NaN                       NaN
                       NaN                       NaN                       NaN
   4.5798988228263890E+036  -2.9613743913339373E+035  -2.6346407107030929E+036
                       NaN                       NaN                       NaN
                       NaN                       NaN                       NaN
                       NaN                       NaN                       NaN
                       NaN                       NaN                       NaN
                       NaN                       NaN                       NaN
                       NaN                       NaN                       NaN
   2.7686380618260152E+021   3.7149803331540385E+046   6.9215951543649488E+020
                       NaN                       NaN                       NaN
                       NaN                       NaN                       NaN
                       NaN                       NaN                       NaN
                       NaN                       NaN                       NaN
  -3868505361639774.5       -20482141479097988.       -6100405816511713.0     
   2.4031988967103751E+026   2.7260919627212371E+026  -1.6129389502549091E+025
                       NaN                       NaN                       NaN
                       NaN                       NaN                       NaN
                       NaN                       NaN                       NaN
                       NaN                       NaN                       NaN
   62213517860633.578        10744855434899.502       -18985799835697.855     
                       NaN                       NaN                       NaN
                       NaN                       NaN                       NaN
                       NaN                       NaN                       NaN
                       NaN                       NaN                       NaN
                       NaN                       NaN                       NaN
   1951056466.8995931        3421664813.4427886        909802956.18943357     
                       NaN                       NaN                       NaN
                       NaN                       NaN                       NaN
  -7.0675774254871021E+025   6.2614709544360040E+025  -8.1022940464090854E+025
  -8.9167623741525618E+022  -6.6875717806143467E+022  -1.2817845912844181E+023
   22143299.095072832        13200764.553719681       -6739898.7363353204     
                       NaN                       NaN                       NaN
                       NaN                       NaN                       NaN
                       NaN                       NaN                       NaN
                       NaN                       NaN                       NaN
   4.2933881747886410E+035  -5.6173839435888767E+035   4.3389425044757584E+035
  -1.8027683133487654E+036   8.0062178627161631E+036   8.7440974343213055E+035
                       NaN                       NaN                       NaN
                       NaN                       NaN                       NaN
                       NaN                       NaN                       NaN
   36741988459.745987        35374400889.150963       -47618046386.118263     
                       NaN                       NaN                       NaN
                       NaN                       NaN                       NaN
                       NaN                       NaN                       NaN
                       NaN                       NaN                       NaN
                       NaN                       NaN                       NaN
  -1.8551559439284752E+051   6.1429013722149023E+021   1.3704755621813962E+051
                       NaN                       NaN                       NaN
   4.4548650258311853E+017   2.7469792967374438E+018  -2.9692003318426976E+017
                       NaN                       NaN                       NaN
                       NaN                       NaN                       NaN
  -4055312086172.0469        4249769854029.0039       -2672796145585.9839     
                       NaN                       NaN                       NaN
  -92091862520.397736        185428605104.47351        188295706277.66614     
   9201.7547555238070       -1.7852995629274524E+030  -21132.940510512857     
                       NaN                       NaN                       NaN
  -1.0308269049972020E+037  -1.0004892396739585E+037   1.6634646033137431E+037
                       NaN                       NaN                       NaN
                       NaN                       NaN                       NaN
                       NaN                       NaN                       NaN
  -5926697298141741.0       -2.7686376609878565E+021  -6.9216003640882482E+020
   2.9687434607426136E+020  -3.7109038978187723E+019  -1.1132764656553702E+020
                       NaN                       NaN                       NaN
                       NaN                       NaN                       NaN
                       NaN                       NaN                       NaN
   7871.6606886930504        8071.3359725290857       -12756.484128442096     
  -9.9127704168875913E+034   1.0074879324014060E+036  -6.2077586117576050E+035
   2.3524914657354463E+023   7.0413614419763016E+023   1.7724250769176249E+023
                       NaN                       NaN                       NaN
   28489896319118520.        76312221889760864.       -10174962764513316.     
                       NaN                       NaN                       NaN
   2298814673.7665358        726465504.38396251       -2904498074.2107854     
                       NaN                       NaN                       NaN
                       NaN                       NaN                       NaN
  -10795.688768533491       -12173.494198565053       -747.44803055609816     
                       NaN                       NaN                       NaN
   3.4500368053003860E+026  -8.9669076632335625E+025   2.1834649126728652E+026
  -6.8993528641542129E+021  -3.9194208146141599E+021   4.4496189311432540E+019
  -1.0807193294609230E+053  -1762364.6097418426       -2132249.1516367202     
                       NaN                       NaN                       NaN
                       NaN                       NaN                       NaN
                       NaN                       NaN                       NaN
                       NaN                       NaN                       NaN
  -2.9687400435890232E+020   3.7109250544862781E+019   1.1132775163458835E+020
                       NaN                       NaN                       NaN
  -6.1198887436083343E+018   1.8183513444333028E+018  -2.1592922215145469E+018
                       NaN                       NaN                       NaN
                       NaN                       NaN                       NaN
                       NaN                       NaN                       NaN
                       NaN                       NaN                       NaN
   15772280272914202.        57866460834677856.       -69701670269684176.     
                       NaN                       NaN                       NaN
   7.0675774254871021E+025  -6.2614709544360040E+025   8.1022940464090854E+025
                       NaN                       NaN                       NaN
                       NaN                       NaN                       NaN
   1.0308269049972020E+037   1.0004892396739585E+037  -1.6634646033137431E+037
                       NaN                       NaN                       NaN
                       NaN                       NaN                       NaN
                       NaN                       NaN                       NaN
                       NaN                       NaN                       NaN
                       NaN                       NaN                       NaN
   1.1774775633397991E+028  -7.0648653800387049E+028   1.1774775633397852E+029
   2.1387549401248072E+024  -1.3708930227437637E+025   7.2592558284043634E+024
                       NaN                       NaN                       NaN
                       NaN                       NaN                       NaN
                       NaN                       NaN                       NaN
                       NaN                       NaN                       NaN
                       NaN                       NaN                       NaN
                       NaN                       NaN                       NaN
                       NaN                       NaN                       NaN
                       NaN                       NaN                       NaN
                       NaN                       NaN                       NaN
                       NaN                       NaN                       NaN
                       NaN                       NaN                       NaN
  -3671271.4483102784        47072868.086970277        2836629.4999754974     
                       NaN                       NaN                       NaN
  -17613.174835532907        24512.387205269053        16899.035051399424     
  -8.6702658211399168E+018  -1.8785575991008256E+019   1.5895487350611874E+019
                       NaN                       NaN                       NaN
   2.2466037103476355E+018  -1.0495647180762406E+038  -1.4041288410515617E+018
                       NaN                       NaN                       NaN
  -1.6101944868749545E+050   1435.8927740475331       -3.2203889737499089E+050
                       NaN                       NaN                       NaN
                       NaN                       NaN                       NaN
                       NaN                       NaN                       NaN
                       NaN                       NaN                       NaN
                       NaN                       NaN                       NaN
  -6.2964218143591902E+036  -1.5927707356481747E+036  -1.2070215731083823E+036
                       NaN                       NaN                       NaN
                       NaN                       NaN                       NaN
                       NaN                       NaN                       NaN
                       NaN                       NaN                       NaN
                       NaN                       NaN                       NaN
                       NaN                       NaN                       NaN
                       NaN                       NaN                       NaN
                       NaN                       NaN                       NaN
  -158140820.29399300       -8.0259859903835163E+026  -2.4077957971150548E+027
                       NaN                       NaN                       NaN
                       NaN                       NaN                       NaN
                       NaN                       NaN                       NaN
                       NaN                       NaN                       NaN
   500706975385060.19        997593421099927.12       -85231073965023.812     
                       NaN                       NaN                       NaN
                       NaN                       NaN                       NaN
   3683373349.5128160        2265146410.3177252       -5178595250.3028355     
                       NaN                       NaN                       NaN
                       NaN                       NaN                       NaN
                       NaN                       NaN                       NaN
  -1.8326994533874772E+026  -2.7486626385023900E+026   3.7782354476901903E+026
   3251323189906.9604       -968972.85658187617       -451527.84166934557     
                       NaN                       NaN                       NaN
                       NaN                       NaN                       NaN
                       NaN                       NaN                       NaN
  -31633394.237568766       -64222185549641352.        58099241051777256.     
  -1.2678403975011806E+017  -3.7655854783274470E+017  -3.9448923757297670E+017
  -1.2780035819893175E+020  -8.9459548855934072E+020   3.7325989973796952E+020
                       NaN                       NaN                       NaN
                       NaN                       NaN                       NaN
                       NaN                       NaN                       NaN
                       NaN                       NaN                       NaN
  -534018282924.52271       -26646460056.863483        295779315429.48523     
  -1.4258216286732508E+018  -2.3763693811246573E+017   1.7228678013139581E+018
                       NaN                       NaN                       NaN
  -38336441014.482849        26609017566.103703        58687421308.936363     
   273022338249205.09       -40154226476613.602        3.8555700231887728E+022
                       NaN                       NaN                       NaN
  -4.1933524884234893E+017  -7.4124417302181530E+017  -1.0925616141143040E+017
                       NaN                       NaN                       NaN
   2.7898091940609209E+021  -1.1959881621159210E+021   9.5315649078451687E+020
  -614934304.79134655       -142674892.83093694        222556031.50241789     
  -2304140077.1618695       -688178038.01482177        2904231537.0103025     
                       NaN                       NaN                       NaN
                       NaN                       NaN                       NaN
  -3250808682637.8970        2.7686380618227646E+021   6.9215951545213020E+020
                       NaN                       NaN                       NaN
   1.7600600583724106E+019   2.8139611164166332E+019  -4.6148858923506303E+019
   1.2052626596166042E+022   1.0495647180762406E+038   1.1761995883918075E+022
  -2.3524914657073001E+023  -7.0413614419774250E+023  -1.7724250769501231E+023
                       NaN                       NaN                       NaN
   1.0807193294609230E+053  -6626736143337368.0       -2983445906714458.0     
   6.2964218143591902E+036   1.5927707356481747E+036   1.2070215731083823E+036
  -1.0392647785632629E+019  -2.5974546952468050E+018  -5.1967654746778194E+018
                       NaN                       NaN                       NaN
   44808283416861.156       -2317840430955330.0       -152715673632904.00     
                       NaN                       NaN                       NaN
                       NaN                       NaN                       NaN
                       NaN                       NaN                       NaN
                       NaN                       NaN                       NaN
   3870840872920869.0        20481830549650256.        6100469170181078.0     
  -18980990.370574728       -12477190.689061671        4834103.3352943361     
                       NaN                       NaN                       NaN
   1.8326994533874772E+026   2.7486626385023900E+026  -3.7782354476901903E+026
   2.0057653984400313E+021   6.2925975268561558E+020  -4.6801192416154548E+021
                       NaN                       NaN                       NaN
                       NaN                       NaN                       NaN
  -2.4031988967103751E+026  -2.7260919627212371E+026   1.6129389502549091E+025
                       NaN                       NaN                       NaN
                       NaN                       NaN                       NaN
                       NaN                       NaN                       NaN
                       NaN                       NaN                       NaN
                       NaN                       NaN                       NaN
  -1.6015710036661357E+029  -1.5622518930645682E+029  -7.7097505657678901E+028
                       NaN                       NaN                       NaN
                       NaN                       NaN                       NaN
  -549840133.49924517       -757832415.63941157       -275407138.53155500     
                       NaN                       NaN                       NaN
                       NaN                       NaN                       NaN
                       NaN                       NaN                       NaN
                       NaN                       NaN                       NaN
                       NaN                       NaN                       NaN
                       NaN                       NaN                       NaN
  -2.7898091938372539E+021   1.1959881621170152E+021  -9.5315649084116920E+020
                       NaN                       NaN                       NaN
  -9.7786794555463941E+027  -3.9707398910819982E+027  -2.1531047374795120E+027
                       NaN                       NaN                       NaN
                       NaN                       NaN                       NaN
  -2318315.6167499493       -718097.71357524162       -4670538.4143826682     
                       NaN                       NaN                       NaN
   1634098341682.5627        295778054475.93384       -3861892275221.4595     
                       NaN                       NaN                       NaN
                       NaN                       NaN                       NaN
                       NaN                       NaN                       NaN
                       NaN                       NaN                       NaN
                       NaN                       NaN                       NaN
                       NaN                       NaN                       NaN
                       NaN                       NaN                       NaN
   482.16879038873986       -35.175135874352868        6.4747633904041280     
  -1.8128889261146273E+023  -1.4503111411931800E+023   1.4503111365158257E+023
  -52651802510495.594       -3031280104847.6201       -15528155254207.439     
                       NaN                       NaN                       NaN
   71991128508411744.        2.8304204370917264E+017  -2.5166129538371786E+017
   290698651078.92676       -602589626020.37183        853161426462.01208     
                       NaN                       NaN                       NaN
  -223673706069.18503       -1093156112.6423323        56654929888.371765     
   1.8551559439284752E+051   70859080317.988785       -1.3704755621813962E+051
  -2.1387549401248072E+024   1.3708930227437637E+025  -7.2592558284043634E+024
   3.8358009247379494E+017  -3.9761351587180563E+017   4.6778059726939418E+017
                       NaN                       NaN                       NaN
                       NaN                       NaN                       NaN
   1.6255443612445854E+024  -2.4383165418668785E+024  -3.8555700076963762E+022
  -15772277854456150.       -57866451145984864.        69701655222216872.     
                       NaN                       NaN                       NaN
                       NaN                       NaN                       NaN
                       NaN                       NaN                       NaN
                       NaN                       NaN                       NaN
  -1250722.1736000916       -5714055.3956519170       -5053242.8028200725     
                       NaN                       NaN                       NaN
                       NaN                       NaN                       NaN
   8487160648.7239790        2587051933.6889758        7835008295.3514204     
                       NaN                       NaN                       NaN
                       NaN                       NaN                       NaN
                       NaN                       NaN                       NaN
                       NaN                       NaN                       NaN
                       NaN                       NaN                       NaN
   2.6520641737644866E+042  -3.2970492849565543E+041  -1.2840128150590347E+042
  -8.8912115744648334E+024  -1.5242076984839226E+025   1.2701730820976667E+024
  -1.7600600583433607E+019  -2.8139611163606385E+019   4.6148858924321415E+019
   1.3703449285302577E+022   993967938238.65552       -3317993514919.8911     
                       NaN                       NaN                       NaN
                       NaN                       NaN                       NaN
  -3.8579597138040479E+044   6.9344189595784582E+044   6.1651681337157001E+044
                       NaN                       NaN                       NaN
                       NaN                       NaN                       NaN
                       NaN                       NaN                       NaN
                       NaN                       NaN                       NaN
                       NaN                       NaN                       NaN
   3.8579597138040479E+044  -6.9344189595784582E+044  -6.1651681337157001E+044
                       NaN                       NaN                       NaN
   9.0738867925442582E+043  -1.9299801100907478E+044  -2.2312237585256092E+044
                       NaN                       NaN                       NaN
