           1   0.0000000000000000     
           2   0.0000000000000000     
           3   0.0000000000000000     
           4   0.0000000000000000     
           5   0.0000000000000000     
           6   0.0000000000000000     
           7   0.0000000000000000     
           8   0.0000000000000000     
           9   0.0000000000000000     
          10   0.0000000000000000     
          11   0.0000000000000000     
          12   0.0000000000000000     
          13   0.0000000000000000     
          14   0.0000000000000000     
          15   0.0000000000000000     
          16   0.0000000000000000     
          17   0.0000000000000000     
          18  -5.0463848396501455E-003
          19  -5.0463848396501455E-003
          20  -5.0463848396501455E-003
          21  -2.0185539358600582E-002
          22  -2.0185539358600582E-002
          23  -2.5231924198250731E-002
          24  -3.5324693877551022E-002
          25  -3.5324693877551022E-002
          26  -4.5417463556851313E-002
          27  -5.0463848396501462E-002
          28  -6.0556618075801760E-002
          29  -6.5603002915451916E-002
          30  -7.5695772594752214E-002
          31  -7.5695772594752214E-002
          32  -9.0834927113702668E-002
          33  -9.5881311953352810E-002
          34 -0.10092769679300297     
          35  -9.5881311953352810E-002
          36 -0.10092769679300297     
          37 -0.10092769679300297     
          38 -0.10092769679300297     
          39 -0.11606685131195341     
          40 -0.12615962099125372     
          41 -0.13120600583090386     
          42 -0.15643793002915463     
          43 -0.16653069970845491     
          44 -0.17157708454810505     
          45 -0.16148431486880477     
          46 -0.17662346938775522     
          47 -0.17157708454810505     
          48 -0.17662346938775522     
          49 -0.18671623906705551     
          50 -0.18166985422740534     
          51 -0.20185539358600588     
          52 -0.21194816326530613     
          53 -0.21699454810495628     
          54 -0.21699454810495628     
          55 -0.22708731778425653     
          56 -0.24222647230320693     
          57 -0.24222647230320693     
          58 -0.24222647230320693     
          59 -0.24727285714285704     
          60 -0.26241201166180744     
          61 -0.25736562682215730     
          62 -0.27755116618075781     
          63 -0.28764393586005810     
          64 -0.29269032069970818     
          65 -0.28764393586005810     
          66 -0.28259755102040796     
          67 -0.27250478134110767     
          68 -0.30782947521865861     
          69 -0.32801501457725912     
          70 -0.31792224489795884     
          71 -0.34820055393585964     
          72 -0.34820055393585964     
          73 -0.36333970845481001     
          74 -0.36838609329446020     
          75 -0.38857163265306072     
          76 -0.38857163265306072     
          77 -0.39866440233236095     
          78 -0.40875717201166123     
          79 -0.41380355685131137     
          80 -0.41380355685131137     
          81 -0.39866440233236095     
          82 -0.39361801749271086     
          83 -0.39361801749271086     
          84 -0.39361801749271086     
          85 -0.39866440233236095     
          86 -0.40875717201166123     
          87 -0.40371078717201109     
          88 -0.38857163265306072     
          89 -0.39866440233236095     
          90 -0.39361801749271086     
          91 -0.39361801749271086     
          92 -0.41380355685131137     
          93 -0.41884994169096151     
          94 -0.40875717201166123     
          95 -0.40875717201166123     
          96 -0.40875717201166123     
          97 -0.41884994169096151     
          98 -0.40875717201166123     
          99 -0.41884994169096151     
         100 -0.41884994169096151     
         101 -0.42894271137026174     
         102 -0.43903548104956203     
         103 -0.43903548104956203     
         104 -0.42894271137026174     
         105 -0.43903548104956203     
         106 -0.45417463556851240     
         107 -0.46426740524781268     
         108 -0.46931379008746277     
         109 -0.46426740524781268     
         110 -0.48445294460641319     
         111 -0.48949932944606328     
         112 -0.49454571428571342     
         113 -0.51977763848396408     
         114 -0.52482402332361422     
         115 -0.51977763848396408     
         116 -0.50463848396501365     
         117 -0.49959209912536356     
         118 -0.49454571428571342     
         119 -0.50968486880466379     
         120 -0.52482402332361422     
         121 -0.52482402332361422     
         122 -0.52482402332361422     
         123 -0.52482402332361422     
         124 -0.56519510204081524     
         125 -0.53996317784256465     
         126 -0.56519510204081524     
         127 -0.57024148688046539     
         128 -0.58033425655976567     
         129 -0.57528787172011553     
         130 -0.56014871720116510     
         131 -0.57024148688046539     
         132 -0.59547341107871599     
         133 -0.61565895043731655     
         134 -0.61061256559766641     
         135 -0.61565895043731655     
         136 -0.60051979591836613     
         137 -0.59547341107871599     
         138 -0.62070533527696670     
         139 -0.64089087463556715     
         140 -0.62070533527696670     
         141 -0.60051979591836613     
         142 -0.62070533527696670     
         143 -0.63079810495626698     
         144 -0.65098364431486744     
         145 -0.65098364431486744     
         146 -0.64593725947521730     
         147 -0.66612279883381786     
         148 -0.67116918367346801     
         149 -0.66612279883381786     
         150 -0.65603002915451758     
         151 -0.64593725947521730     
         152 -0.64089087463556715     
         153 -0.66107641399416772     
         154 -0.63079810495626698     
         155 -0.64089087463556715     
         156 -0.65603002915451758     
         157 -0.66107641399416772     
         158 -0.66107641399416772     
         159 -0.66107641399416772     
         160 -0.66612279883381786     
         161 -0.66107641399416772     
         162 -0.66107641399416772     
         163 -0.68630833819241832     
         164 -0.67621556851311804     
         165 -0.67116918367346801     
         166 -0.68630833819241832     
         167 -0.67621556851311804     
         168 -0.67116918367346801     
         169 -0.67116918367346801     
         170 -0.69135472303206846     
         171 -0.69640110787171861     
         172 -0.69135472303206846     
         173 -0.70649387755101889     
         174 -0.69640110787171861     
         175 -0.71154026239066903     
         176 -0.69640110787171861     
         177 -0.71658664723031917     
         178 -0.74181857142856977     
         179 -0.74686495626822003     
         180 -0.76200411078717034     
         181 -0.76200411078717034     
         182 -0.74686495626822003     
         183 -0.73172580174926960     
         184 -0.75695772594752020     
         185 -0.76200411078717034     
         186 -0.74686495626822003     
         187 -0.72667941690961946     
         188 -0.74686495626822003     
         189 -0.74181857142856988     
         190 -0.73677218658891974     
         191 -0.76200411078717034     
         192 -0.75191134110787017     
         193 -0.75695772594752020     
         194 -0.75191134110787017     
         195 -0.75191134110787017     
         196 -0.75695772594752020     
         197 -0.76200411078717034     
         198 -0.75695772594752020     
         199 -0.76200411078717034     
         200 -0.74686495626822003     
         201 -0.72667941690961946     
         202 -0.74686495626822003     
         203 -0.71154026239066903     
         204 -0.72667941690961946     
         205 -0.70144749271136886     
         206 -0.74686495626822003     
         207 -0.76200411078717034     
         208 -0.76705049562682048     
         209 -0.77714326530612077     
         210 -0.80237518950437137     
         211 -0.80237518950437137     
         212 -0.79732880466472122     
         213 -0.80237518950437137     
         214 -0.81246795918367165     
         215 -0.82760711370262208     
         216 -0.82760711370262208     
         217 -0.82256072886297193     
         218 -0.84274626822157239     
         219 -0.86293180758017296     
         220 -0.86293180758017296     
         221 -0.84274626822157239     
         222 -0.85788542274052282     
         223 -0.86797819241982310     
         224 -0.85788542274052282     
         225 -0.84274626822157239     
         226 -0.83769988338192236     
         227 -0.81751434402332179     
         228 -0.83769988338192236     
         229 -0.83769988338192236     
         230 -0.86293180758017296     
         231 -0.86797819241982310     
         232 -0.88311734693877353     
         233 -0.85788542274052282     
         234 -0.86797819241982310     
         235 -0.84779265306122253     
         236 -0.86797819241982310     
         237 -0.88816373177842356     
         238 -0.88311734693877353     
         239 -0.88311734693877353     
         240 -0.88311734693877353     
         241 -0.89321011661807370     
         242 -0.92348842565597455     
         243 -0.89321011661807370     
         244 -0.89825650145772384     
         245 -0.90834927113702413     
         246 -0.90330288629737399     
         247 -0.91339565597667427     
         248 -0.89825650145772384     
         249 -0.88816373177842356     
         250 -0.89321011661807370     
         251 -0.90834927113702413     
         252 -0.90330288629737399     
         253 -0.90834927113702413     
         254 -0.94872034985422515     
         255 -0.95881311953352544     
         256 -0.96385950437317558     
         257 -0.96890588921282572     
         258 -0.98404504373177604     
         259 -0.99918419825072646     
         260 -0.95376673469387530     
         261 -0.97395227405247586     
         262 -0.96890588921282572     
         263 -0.99413781341107632     
         264 -0.99918419825072646     
         265  -1.0042305830903766     
         266  -1.0244161224489772     
         267  -1.0143233527696769     
         268  -1.0546944314868778     
         269  -1.0446016618075775     
         270  -1.0193697376093269     
         271  -1.0748799708454784     
         272  -1.0647872011661781     
         273  -1.0294625072886272     
         274  -1.0395552769679275     
         275  -1.0597408163265281     
         276  -1.0446016618075775     
         277  -1.0496480466472278     
         278  -1.0496480466472278     
         279  -1.0546944314868778     
         280  -1.0546944314868778     
         281  -1.0446016618075775     
         282  -1.0546944314868778     
         283  -1.0496480466472278     
         284  -1.0395552769679275     
         285  -1.0294625072886272     
         286  -1.0345088921282775     
         287  -1.0345088921282775     
         288  -1.0042305830903766     
         289  -1.0042305830903766     
         290 -0.98909142857142618     
         291  -1.0042305830903766     
         292  -1.0143233527696769     
         293  -1.0143233527696769     
         294  -1.0496480466472278     
         295  -1.0143233527696769     
         296  -1.0345088921282775     
         297  -1.0546944314868778     
         298  -1.0446016618075775     
         299  -1.0546944314868778     
         300  -1.0345088921282775     
         301  -1.0244161224489772     
         302  -1.0446016618075775     
         303  -1.0244161224489772     
         304  -1.0042305830903766     
         305 -0.99918419825072646     
         306 -0.99413781341107632     
         307  -1.0092769679300266     
         308 -0.99413781341107632     
         309 -0.98404504373177604     
         310 -0.99413781341107632     
         311 -0.98404504373177604     
         312 -0.96385950437317558     
         313 -0.95881311953352544     
         314 -0.96385950437317558     
         315 -0.97395227405247586     
         316 -0.99918419825072646     
         317 -0.99413781341107632     
         318 -0.99918419825072646     
         319 -0.97899865889212589     
         320 -0.99413781341107632     
         321  -1.0193697376093269     
         322 -0.98909142857142618     
         323  -1.0042305830903766     
         324  -1.0092769679300266     
         325 -0.98404504373177604     
         326 -0.98404504373177604     
         327 -0.98909142857142618     
         328 -0.97899865889212589     
         329 -0.99413781341107632     
         330 -0.99918419825072646     
         331 -0.99918419825072646     
         332  -1.0294625072886272     
         333  -1.0193697376093269     
         334  -1.0244161224489772     
         335  -1.0345088921282775     
         336  -1.0345088921282775     
         337  -1.0446016618075775     
         338  -1.0496480466472278     
         339  -1.0748799708454784     
         340  -1.0446016618075775     
         341  -1.0748799708454784     
         342  -1.0748799708454784     
         343  -1.0748799708454784     
         344  -1.0748799708454784     
         345  -1.0748799708454784     
         346  -1.0748799708454784     
         347  -1.0849727405247787     
         348  -1.0950655102040789     
         349  -1.0799263556851286     
         350  -1.0546944314868778     
         351  -1.0597408163265281     
         352  -1.0698335860058283     
         353  -1.0698335860058283     
         354  -1.1001118950437290     
         355  -1.0950655102040789     
         356  -1.1051582798833792     
         357  -1.1001118950437290     
         358  -1.0950655102040789     
         359  -1.1102046647230293     
         360  -1.0950655102040789     
         361  -1.1152510495626795     
         362  -1.1303902040816298     
         363  -1.1303902040816298     
         364  -1.1253438192419798     
         365  -1.0849727405247787     
         366  -1.1102046647230293     
         367  -1.1051582798833792     
         368  -1.0849727405247787     
         369  -1.0647872011661781     
         370  -1.0748799708454784     
         371  -1.0900191253644287     
         372  -1.0799263556851286     
         373  -1.0799263556851286     
         374  -1.0698335860058283     
         375  -1.0799263556851286     
         376  -1.0849727405247787     
         377  -1.0647872011661781     
         378  -1.1051582798833792     
         379  -1.1253438192419798     
         380  -1.1354365889212799     
         381  -1.1303902040816298     
         382  -1.1505757434402304     
         383  -1.1303902040816298     
         384  -1.1404829737609301     
         385  -1.1303902040816298     
         386  -1.1253438192419798     
         387  -1.1303902040816298     
         388  -1.1202974344023295     
         389  -1.1001118950437290     
         390  -1.1303902040816298     
         391  -1.1707612827988310     
         392  -1.1455293586005801     
         393  -1.1354365889212799     
         394  -1.1354365889212799     
         395  -1.1354365889212799     
         396  -1.1303902040816298     
         397  -1.1657148979591807     
         398  -1.1707612827988310     
         399  -1.1959932069970816     
         400  -1.2161787463556821     
         401  -1.1808540524781310     
         402  -1.1404829737609301     
         403  -1.1505757434402304     
         404  -1.1606685131195307     
         405  -1.1505757434402304     
         406  -1.1404829737609301     
         407  -1.1253438192419798     
         408  -1.1202974344023295     
         409  -1.1303902040816298     
         410  -1.1556221282798804     
         411  -1.1354365889212799     
         412  -1.1455293586005801     
         413  -1.1354365889212799     
         414  -1.1404829737609301     
         415  -1.1354365889212799     
         416  -1.1303902040816298     
         417  -1.1606685131195307     
         418  -1.1909468221574313     
         419  -1.1909468221574313     
         420  -1.1959932069970816     
         421  -1.1505757434402304     
         422  -1.1707612827988310     
         423  -1.2060859766763818     
         424  -1.2010395918367316     
         425  -1.2212251311953322     
         426  -1.2212251311953322     
         427  -1.2262715160349822     
         428  -1.2515034402332330     
         429  -1.1909468221574313     
         430  -1.2262715160349822     
         431  -1.2414106705539327     
         432  -1.2414106705539327     
         433  -1.2666425947521833     
         434  -1.2666425947521833     
         435  -1.2414106705539327     
         436  -1.2414106705539327     
         437  -1.2313179008746324     
         438  -1.2464570553935828     
         439  -1.2161787463556821     
         440  -1.2363642857142825     
         441  -1.2161787463556821     
         442  -1.1959932069970816     
         443  -1.2212251311953322     
         444  -1.2212251311953322     
         445  -1.2414106705539327     
         446  -1.2464570553935828     
         447  -1.2565498250728830     
         448  -1.2464570553935828     
         449  -1.2313179008746324     
         450  -1.2615962099125333     
         451  -1.2666425947521833     
         452  -1.2313179008746324     
         453  -1.2363642857142825     
         454  -1.2464570553935828     
         455  -1.2414106705539327     
         456  -1.2464570553935828     
         457  -1.2565498250728830     
         458  -1.2363642857142825     
         459  -1.2565498250728830     
         460  -1.2161787463556821     
         461  -1.2615962099125333     
         462  -1.2666425947521833     
         463  -1.2666425947521833     
         464  -1.2515034402332330     
         465  -1.2666425947521833     
         466  -1.2666425947521833     
         467  -1.2464570553935828     
         468  -1.2363642857142825     
         469  -1.2414106705539327     
         470  -1.2414106705539327     
         471  -1.2565498250728830     
         472  -1.2615962099125333     
         473  -1.2767353644314836     
         474  -1.2716889795918334     
         475  -1.2716889795918334     
         476  -1.2666425947521833     
         477  -1.2363642857142825     
         478  -1.2515034402332330     
         479  -1.2817817492711336     
         480  -1.2565498250728830     
         481  -1.2565498250728830     
         482  -1.2716889795918334     
         483  -1.2515034402332330     
         484  -1.2615962099125333     
         485  -1.2767353644314836     
         486  -1.2615962099125333     
         487  -1.2414106705539327     
         488  -1.2363642857142825     
         489  -1.2716889795918334     
         490  -1.2817817492711336     
         491  -1.2767353644314836     
         492  -1.2918745189504339     
         493  -1.2817817492711336     
         494  -1.2918745189504339     
         495  -1.2615962099125333     
         496  -1.2868281341107839     
         497  -1.3019672886297342     
         498  -1.3120600583090345     
         499  -1.3120600583090345     
         500  -1.3070136734693845     
         501  -1.3120600583090345     
         502  -1.3221528279883348     
         503  -1.3322455976676351     
         504  -1.2969209037900842     
         505  -1.2716889795918334     
         506  -1.2716889795918334     
         507  -1.2666425947521833     
         508  -1.2666425947521833     
         509  -1.2767353644314836     
         510  -1.2868281341107839     
         511  -1.2969209037900842     
         512  -1.2515034402332330     
         513  -1.2515034402332330     
         514  -1.2716889795918334     
         515  -1.2716889795918334     
         516  -1.2918745189504339     
         517  -1.3120600583090345     
         518  -1.3372919825072851     
         519  -1.3322455976676351     
         520  -1.3423383673469353     
         521  -1.3675702915451859     
         522  -1.3625239067055357     
         523  -1.3120600583090345     
         524  -1.3120600583090345     
         525  -1.3322455976676351     
         526  -1.3120600583090345     
         527  -1.3120600583090345     
         528  -1.3120600583090345     
         529  -1.3120600583090345     
         530  -1.3372919825072851     
         531  -1.3625239067055357     
         532  -1.3473847521865854     
         533  -1.3473847521865854     
         534  -1.3473847521865854     
         535  -1.3473847521865854     
         536  -1.3625239067055357     
         537  -1.3221528279883348     
         538  -1.3726166763848360     
         539  -1.3877558309037865     
         540  -1.4028949854227368     
         541  -1.3928022157434365     
         542  -1.3877558309037865     
         543  -1.3574775218658857     
         544  -1.4079413702623869     
         545  -1.3776630612244862     
         546  -1.3625239067055357     
         547  -1.3473847521865854     
         548  -1.3827094460641363     
         549  -1.3675702915451859     
         550  -1.3776630612244862     
         551  -1.3928022157434365     
         552  -1.3675702915451859     
         553  -1.3726166763848360     
         554  -1.3574775218658857     
         555  -1.3827094460641363     
         556  -1.3322455976676351     
         557  -1.3423383673469353     
         558  -1.3171064431486845     
         559  -1.3877558309037865     
         560  -1.3877558309037865     
         561  -1.3574775218658857     
         562  -1.3423383673469353     
         563  -1.3221528279883348     
         564  -1.3574775218658857     
         565  -1.3574775218658857     
         566  -1.3827094460641363     
         567  -1.3423383673469353     
         568  -1.3675702915451859     
         569  -1.3625239067055357     
         570  -1.4079413702623869     
         571  -1.3827094460641363     
         572  -1.3625239067055357     
         573  -1.3776630612244862     
         574  -1.3827094460641363     
         575  -1.3978486005830866     
         576  -1.3928022157434365     
         577  -1.3524311370262354     
         578  -1.3574775218658857     
         579  -1.3625239067055357     
         580  -1.3473847521865854     
         581  -1.3372919825072851     
         582  -1.3070136734693845     
         583  -1.3423383673469353     
         584  -1.3423383673469353     
         585  -1.3221528279883348     
         586  -1.3221528279883348     
         587  -1.3675702915451859     
         588  -1.3776630612244862     
         589  -1.3776630612244862     
         590  -1.3827094460641363     
         591  -1.3877558309037865     
         592  -1.3978486005830866     
         593  -1.3978486005830866     
         594  -1.3877558309037865     
         595  -1.3877558309037865     
         596  -1.3978486005830866     
         597  -1.3978486005830866     
         598  -1.3776630612244862     
         599  -1.3776630612244862     
         600  -1.3978486005830866     
         601  -1.4079413702623869     
         602  -1.4180341399416871     
         603  -1.4331732944606377     
         604  -1.4331732944606377     
         605  -1.4331732944606377     
         606  -1.4483124489795880     
         607  -1.4634516034985383     
         608  -1.4735443731778386     
         609  -1.4533588338192380     
         610  -1.4230805247813374     
         611  -1.4230805247813374     
         612  -1.4634516034985383     
         613  -1.4281269096209874     
         614  -1.4331732944606377     
         615  -1.4382196793002877     
         616  -1.4634516034985383     
         617  -1.4382196793002877     
         618  -1.4382196793002877     
         619  -1.4684979883381886     
         620  -1.4785907580174888     
         621  -1.4836371428571391     
         622  -1.4634516034985385     
         623  -1.4382196793002879     
         624  -1.4584052186588885     
         625  -1.4785907580174888     
         626  -1.4937299125364394     
         627  -1.4483124489795882     
         628  -1.4735443731778388     
         629  -1.5038226822157397     
         630  -1.4836371428571391     
         631  -1.4684979883381886     
         632  -1.4483124489795882     
         633  -1.4785907580174888     
         634  -1.4684979883381886     
         635  -1.4634516034985385     
         636  -1.4331732944606377     
         637  -1.4331732944606377     
         638  -1.4180341399416874     
         639  -1.4230805247813374     
         640  -1.4331732944606377     
         641  -1.4129877551020373     
         642  -1.4028949854227371     
         643  -1.3877558309037865     
         644  -1.4230805247813374     
         645  -1.4180341399416874     
         646  -1.4129877551020373     
         647  -1.3928022157434368     
         648  -1.3928022157434368     
         649  -1.3726166763848362     
         650  -1.3776630612244862     
         651  -1.3423383673469353     
         652  -1.3372919825072853     
         653  -1.3726166763848362     
         654  -1.3675702915451862     
         655  -1.4028949854227371     
         656  -1.3776630612244862     
         657  -1.3978486005830868     
         658  -1.4028949854227371     
         659  -1.3928022157434368     
         660  -1.4028949854227371     
         661  -1.4028949854227371     
         662  -1.4180341399416874     
         663  -1.4533588338192382     
         664  -1.4129877551020373     
         665  -1.4079413702623871     
         666  -1.4079413702623871     
         667  -1.4129877551020373     
         668  -1.4180341399416874     
         669  -1.4230805247813374     
         670  -1.4180341399416874     
         671  -1.4281269096209877     
         672  -1.4281269096209877     
         673  -1.4382196793002879     
         674  -1.4180341399416874     
         675  -1.4331732944606377     
         676  -1.4432660641399380     
         677  -1.4079413702623871     
         678  -1.4180341399416874     
         679  -1.3928022157434368     
         680  -1.4281269096209877     
         681  -1.4382196793002879     
         682  -1.4382196793002879     
         683  -1.4533588338192382     
         684  -1.4483124489795882     
         685  -1.4584052186588885     
         686  -1.4230805247813374     
         687  -1.4079413702623871     
         688  -1.3827094460641365     
         689  -1.4281269096209877     
         690  -1.4180341399416874     
         691  -1.4129877551020373     
         692  -1.4129877551020373     
         693  -1.4230805247813374     
         694  -1.4382196793002879     
         695  -1.4331732944606377     
         696  -1.4129877551020373     
         697  -1.4331732944606377     
         698  -1.4079413702623871     
         699  -1.4079413702623871     
         700  -1.4331732944606377     
         701  -1.4533588338192382     
         702  -1.4483124489795882     
         703  -1.4785907580174888     
         704  -1.4584052186588885     
         705  -1.4432660641399380     
         706  -1.4331732944606377     
         707  -1.4230805247813374     
         708  -1.4331732944606377     
         709  -1.4382196793002879     
         710  -1.4129877551020373     
         711  -1.4382196793002879     
         712  -1.4684979883381886     
         713  -1.4735443731778388     
         714  -1.5038226822157397     
         715  -1.5088690670553897     
         716  -1.4987762973760894     
         717  -1.4937299125364394     
         718  -1.4937299125364394     
         719  -1.5038226822157397     
         720  -1.5290546064139903     
         721  -1.5240082215743400     
         722  -1.5038226822157397     
         723  -1.5038226822157397     
         724  -1.5189618367346900     
         725  -1.5492401457725908     
         726  -1.5391473760932906     
         727  -1.4886835276967891     
         728  -1.4684979883381886     
         729  -1.4584052186588885     
         730  -1.4735443731778388     
         731  -1.4735443731778388     
         732  -1.4684979883381886     
         733  -1.4533588338192382     
         734  -1.4331732944606377     
         735  -1.4634516034985385     
         736  -1.4533588338192382     
         737  -1.4987762973760894     
         738  -1.4684979883381886     
         739  -1.4937299125364394     
         740  -1.5088690670553897     
         741  -1.5038226822157397     
         742  -1.4836371428571391     
         743  -1.4634516034985385     
         744  -1.4483124489795882     
         745  -1.4483124489795882     
         746  -1.4230805247813374     
         747  -1.4331732944606377     
         748  -1.4180341399416874     
         749  -1.4533588338192382     
         750  -1.4533588338192382     
         751  -1.4432660641399380     
         752  -1.4785907580174888     
         753  -1.5088690670553897     
         754  -1.4937299125364394     
         755  -1.4987762973760894     
         756  -1.4937299125364394     
         757  -1.4937299125364394     
         758  -1.4684979883381886     
         759  -1.4987762973760894     
         760  -1.5189618367346900     
         761  -1.5189618367346900     
         762  -1.5341009912536403     
         763  -1.5341009912536403     
         764  -1.5290546064139903     
         765  -1.5088690670553897     
         766  -1.5441937609329406     
         767  -1.5643793002915412     
         768  -1.5643793002915412     
         769  -1.5542865306122409     
         770  -1.5694256851311912     
         771  -1.5441937609329406     
         772  -1.5139154518950397     
         773  -1.5290546064139903     
         774  -1.5441937609329406     
         775  -1.5795184548104915     
         776  -1.5795184548104915     
         777  -1.5946576093294420     
         778  -1.5744720699708414     
         779  -1.5492401457725908     
         780  -1.5593329154518909     
         781  -1.5946576093294420     
         782  -1.6097967638483923     
         783  -1.5845648396501417     
         784  -1.5896112244897918     
         785  -1.5845648396501417     
         786  -1.5795184548104915     
         787  -1.5795184548104915     
         788  -1.5946576093294420     
         789  -1.5896112244897918     
         790  -1.5946576093294420     
         791  -1.5744720699708414     
         792  -1.5795184548104915     
         793  -1.5643793002915412     
         794  -1.5744720699708414     
         795  -1.6299823032069929     
         796  -1.6350286880466429     
         797  -1.6249359183673426     
         798  -1.6350286880466429     
         799  -1.6047503790087421     
         800  -1.5896112244897918     
         801  -1.5643793002915412     
         802  -1.6097967638483923     
         803  -1.5997039941690920     
         804  -1.6047503790087421     
         805  -1.6097967638483923     
         806  -1.6047503790087421     
         807  -1.6047503790087421     
         808  -1.6047503790087421     
         809  -1.5946576093294420     
         810  -1.6400750728862932     
         811  -1.6047503790087421     
         812  -1.6047503790087421     
         813  -1.6198895335276926     
         814  -1.6198895335276926     
         815  -1.6097967638483923     
         816  -1.5946576093294420     
         817  -1.5946576093294420     
         818  -1.6552142274052435     
         819  -1.6501678425655932     
         820  -1.6400750728862932     
         821  -1.6299823032069929     
         822  -1.6602606122448935     
         823  -1.6501678425655932     
         824  -1.6552142274052435     
         825  -1.6198895335276926     
         826  -1.6299823032069929     
         827  -1.6249359183673426     
         828  -1.6249359183673426     
         829  -1.5997039941690920     
         830  -1.5896112244897918     
         831  -1.6501678425655932     
         832  -1.6299823032069929     
         833  -1.6299823032069929     
         834  -1.6602606122448935     
         835  -1.6501678425655932     
         836  -1.6047503790087421     
         837  -1.6299823032069929     
         838  -1.6198895335276926     
         839  -1.6097967638483923     
         840  -1.6299823032069929     
         841  -1.6198895335276926     
         842  -1.6097967638483923     
         843  -1.6047503790087421     
         844  -1.6148431486880424     
         845  -1.6602606122448935     
         846  -1.6905389212827944     
         847  -1.6753997667638441     
         848  -1.6804461516034941     
         849  -1.6552142274052435     
         850  -1.6501678425655932     
         851  -1.6097967638483923     
         852  -1.6198895335276926     
         853  -1.6047503790087421     
         854  -1.6299823032069929     
         855  -1.6400750728862932     
         856  -1.6148431486880424     
         857  -1.6501678425655932     
         858  -1.6451214577259432     
         859  -1.6350286880466429     
         860  -1.6097967638483923     
         861  -1.6249359183673426     
         862  -1.6400750728862932     
         863  -1.6804461516034941     
         864  -1.6451214577259432     
         865  -1.6703533819241938     
         866  -1.6602606122448935     
         867  -1.6552142274052435     
         868  -1.6602606122448935     
         869  -1.6400750728862932     
         870  -1.6299823032069929     
         871  -1.6148431486880424     
         872  -1.6350286880466429     
         873  -1.6602606122448935     
         874  -1.6602606122448935     
         875  -1.6905389212827944     
         876  -1.6854925364431441     
         877  -1.6299823032069929     
         878  -1.6299823032069929     
         879  -1.5946576093294420     
         880  -1.5795184548104915     
         881  -1.5997039941690920     
         882  -1.6400750728862932     
         883  -1.6602606122448935     
         884  -1.6299823032069929     
         885  -1.6047503790087421     
         886  -1.6299823032069929     
         887  -1.6148431486880424     
         888  -1.6249359183673426     
         889  -1.6249359183673426     
         890  -1.5997039941690920     
         891  -1.6148431486880424     
         892  -1.6198895335276926     
         893  -1.6148431486880424     
         894  -1.5896112244897918     
         895  -1.5845648396501417     
         896  -1.5946576093294420     
         897  -1.5997039941690920     
         898  -1.5845648396501417     
         899  -1.5643793002915412     
         900  -1.5492401457725908     
         901  -1.5896112244897918     
         902  -1.6047503790087421     
         903  -1.6198895335276926     
         904  -1.6198895335276926     
         905  -1.5946576093294420     
         906  -1.6047503790087421     
         907  -1.6249359183673426     
         908  -1.6501678425655932     
         909  -1.6501678425655932     
         910  -1.6400750728862932     
         911  -1.6299823032069929     
         912  -1.6198895335276926     
         913  -1.6299823032069929     
         914  -1.6350286880466429     
         915  -1.6501678425655932     
         916  -1.6400750728862932     
         917  -1.6299823032069929     
         918  -1.5946576093294420     
         919  -1.5845648396501417     
         920  -1.5845648396501417     
         921  -1.5845648396501417     
         922  -1.6047503790087421     
         923  -1.6148431486880424     
         924  -1.5997039941690920     
         925  -1.5795184548104915     
         926  -1.6400750728862932     
         927  -1.6198895335276926     
         928  -1.6097967638483923     
         929  -1.5896112244897918     
         930  -1.6249359183673426     
         931  -1.6198895335276926     
         932  -1.5845648396501417     
         933  -1.5795184548104915     
         934  -1.5795184548104915     
         935  -1.5441937609329406     
         936  -1.5441937609329406     
         937  -1.5593329154518909     
         938  -1.5441937609329406     
         939  -1.5441937609329406     
         940  -1.5643793002915412     
         941  -1.5593329154518909     
         942  -1.5240082215743400     
         943  -1.5290546064139903     
         944  -1.5593329154518909     
         945  -1.6097967638483923     
         946  -1.6047503790087421     
         947  -1.6047503790087421     
         948  -1.6047503790087421     
         949  -1.6400750728862932     
         950  -1.6350286880466429     
         951  -1.6602606122448935     
         952  -1.6653069970845438     
         953  -1.6552142274052435     
         954  -1.6804461516034941     
         955  -1.6653069970845438     
         956  -1.6602606122448935     
         957  -1.6097967638483923     
         958  -1.6047503790087421     
         959  -1.6451214577259432     
         960  -1.6451214577259432     
         961  -1.6400750728862932     
         962  -1.6350286880466429     
         963  -1.6299823032069929     
         964  -1.6299823032069929     
         965  -1.6451214577259432     
         966  -1.6350286880466429     
         967  -1.6451214577259432     
         968  -1.6552142274052435     
         969  -1.6753997667638441     
         970  -1.6653069970845438     
         971  -1.6602606122448935     
         972  -1.6552142274052435     
         973  -1.6854925364431441     
         974  -1.6703533819241938     
         975  -1.6602606122448935     
         976  -1.6602606122448935     
         977  -1.6753997667638441     
         978  -1.6249359183673426     
         979  -1.6400750728862932     
         980  -1.6552142274052435     
         981  -1.6653069970845438     
         982  -1.6854925364431441     
         983  -1.6753997667638441     
         984  -1.6753997667638441     
         985  -1.6804461516034941     
         986  -1.6804461516034941     
         987  -1.6905389212827944     
         988  -1.6854925364431441     
         989  -1.6703533819241938     
         990  -1.6804461516034941     
         991  -1.7258636151603453     
         992  -1.7157708454810450     
         993  -1.7107244606413949     
         994  -1.7258636151603453     
         995  -1.7662346938775464     
         996  -1.7410027696792956     
         997  -1.7611883090378961     
         998  -1.7309099999999953     
         999  -1.7006316909620947     
        1000  -1.7006316909620947     
        1001  -1.7006316909620947     
        1002  -1.7208172303206952     
        1003  -1.7107244606413949     
        1004  -1.7460491545189458     
        1005  -1.7107244606413949     
        1006  -1.6854925364431441     
        1007  -1.6552142274052435     
        1008  -1.7258636151603453     
        1009  -1.7410027696792956     
        1010  -1.7662346938775464     
        1011  -1.7561419241982461     
        1012  -1.7510955393585959     
        1013  -1.7410027696792956     
        1014  -1.7410027696792956     
        1015  -1.7561419241982461     
        1016  -1.7763274635568465     
        1017  -1.7914666180757970     
        1018  -1.7965130029154470     
        1019  -1.7813738483964967     
        1020  -1.8116521574343976     
        1021  -1.7965130029154470     
        1022  -1.8066057725947473     
        1023  -1.8166985422740476     
        1024  -1.7763274635568465     
        1025  -1.8116521574343976     
        1026  -1.7864202332361467     
        1027  -1.7460491545189458     
        1028  -1.7258636151603453     
        1029  -1.7410027696792956     
        1030  -1.7611883090378961     
        1031  -1.7864202332361467     
        1032  -1.8217449271136976     
        1033  -1.8419304664722982     
        1034  -1.8318376967929979     
        1035  -1.8066057725947473     
        1036  -1.7460491545189458     
        1037  -1.7662346938775464     
        1038  -1.7914666180757970     
        1039  -1.7763274635568465     
        1040  -1.7712810787171964     
        1041  -1.7611883090378961     
        1042  -1.7712810787171964     
        1043  -1.7611883090378961     
        1044  -1.7965130029154470     
        1045  -1.8166985422740476     
        1046  -1.8368840816326482     
        1047  -1.8267913119533479     
        1048  -1.8066057725947473     
        1049  -1.8015593877550973     
        1050  -1.7813738483964967     
        1051  -1.7611883090378961     
        1052  -1.7813738483964967     
        1053  -1.7662346938775464     
        1054  -1.7662346938775464     
        1055  -1.7662346938775464     
        1056  -1.7510955393585959     
        1057  -1.7813738483964967     
        1058  -1.7662346938775464     
        1059  -1.7763274635568465     
        1060  -1.7510955393585959     
        1061  -1.7359563848396455     
        1062  -1.7561419241982461     
        1063  -1.7410027696792956     
        1064  -1.7107244606413949     
        1065  -1.7258636151603453     
        1066  -1.7208172303206952     
        1067  -1.7056780758017447     
        1068  -1.6653069970845438     
        1069  -1.6955853061224444     
        1070  -1.7157708454810450     
        1071  -1.7056780758017447     
        1072  -1.7056780758017447     
        1073  -1.6854925364431441     
        1074  -1.6501678425655932     
        1075  -1.6501678425655932     
        1076  -1.6451214577259432     
        1077  -1.6400750728862932     
        1078  -1.6753997667638441     
        1079  -1.7157708454810450     
        1080  -1.7056780758017447     
        1081  -1.6753997667638441     
        1082  -1.7107244606413949     
        1083  -1.7208172303206952     
        1084  -1.7309099999999953     
        1085  -1.7763274635568465     
        1086  -1.7813738483964967     
        1087  -1.7813738483964967     
        1088  -1.7813738483964967     
        1089  -1.7813738483964967     
        1090  -1.7864202332361467     
        1091  -1.7662346938775464     
        1092  -1.7763274635568465     
        1093  -1.8015593877550973     
        1094  -1.7611883090378961     
        1095  -1.7712810787171964     
        1096  -1.7965130029154470     
        1097  -1.7914666180757970     
        1098  -1.7965130029154470     
        1099  -1.7813738483964967     
        1100  -1.7914666180757970     
        1101  -1.7813738483964967     
        1102  -1.7763274635568465     
        1103  -1.7662346938775464     
        1104  -1.7712810787171964     
        1105  -1.7965130029154470     
        1106  -1.8166985422740476     
        1107  -1.8066057725947473     
        1108  -1.7965130029154470     
        1109  -1.7914666180757970     
        1110  -1.7864202332361467     
        1111  -1.7712810787171964     
        1112  -1.7611883090378961     
        1113  -1.7561419241982461     
        1114  -1.7309099999999953     
        1115  -1.7157708454810450     
        1116  -1.6955853061224444     
        1117  -1.7107244606413949     
        1118  -1.7157708454810450     
        1119  -1.6854925364431441     
        1120  -1.7006316909620947     
        1121  -1.7309099999999953     
        1122  -1.7157708454810450     
        1123  -1.7309099999999953     
        1124  -1.7107244606413949     
        1125  -1.7208172303206952     
        1126  -1.7258636151603453     
        1127  -1.7309099999999953     
        1128  -1.7258636151603453     
        1129  -1.7107244606413949     
        1130  -1.7359563848396455     
        1131  -1.7309099999999953     
        1132  -1.7712810787171964     
        1133  -1.7813738483964967     
        1134  -1.7561419241982461     
        1135  -1.7410027696792956     
        1136  -1.7763274635568465     
        1137  -1.7914666180757970     
        1138  -1.7914666180757970     
        1139  -1.7813738483964967     
        1140  -1.8066057725947473     
        1141  -1.8015593877550973     
        1142  -1.7914666180757970     
        1143  -1.7965130029154470     
        1144  -1.7813738483964967     
        1145  -1.7763274635568465     
        1146  -1.7763274635568465     
        1147  -1.7864202332361467     
        1148  -1.8066057725947473     
        1149  -1.7864202332361467     
        1150  -1.7309099999999953     
        1151  -1.7611883090378961     
        1152  -1.7662346938775464     
        1153  -1.7611883090378961     
        1154  -1.7813738483964967     
        1155  -1.8015593877550973     
        1156  -1.7611883090378961     
        1157  -1.7763274635568465     
        1158  -1.7561419241982461     
        1159  -1.7712810787171964     
        1160  -1.7813738483964967     
        1161  -1.8116521574343976     
        1162  -1.8419304664722982     
        1163  -1.8318376967929979     
        1164  -1.8116521574343976     
        1165  -1.8166985422740476     
        1166  -1.8166985422740476     
        1167  -1.8116521574343976     
        1168  -1.8116521574343976     
        1169  -1.8217449271136976     
        1170  -1.8267913119533479     
        1171  -1.7864202332361467     
        1172  -1.7712810787171964     
        1173  -1.7460491545189458     
        1174  -1.6653069970845438     
        1175  -1.6753997667638441     
        1176  -1.6905389212827944     
        1177  -1.6955853061224444     
        1178  -1.7157708454810450     
        1179  -1.7107244606413949     
        1180  -1.7107244606413949     
        1181  -1.7107244606413949     
        1182  -1.7258636151603453     
        1183  -1.7208172303206952     
        1184  -1.7056780758017447     
        1185  -1.7107244606413949     
        1186  -1.7258636151603453     
        1187  -1.7258636151603453     
        1188  -1.7561419241982461     
        1189  -1.7258636151603453     
        1190  -1.7157708454810450     
        1191  -1.6905389212827944     
        1192  -1.7006316909620947     
        1193  -1.7056780758017447     
        1194  -1.6854925364431441     
        1195  -1.6653069970845438     
        1196  -1.6804461516034941     
        1197  -1.6955853061224444     
        1198  -1.7107244606413949     
        1199  -1.7510955393585959     
        1200  -1.7561419241982461     
        1201  -1.7460491545189458     
        1202  -1.7611883090378961     
        1203  -1.7410027696792956     
        1204  -1.7460491545189458     
        1205  -1.7309099999999953     
        1206  -1.7309099999999953     
        1207  -1.7309099999999953     
        1208  -1.7460491545189458     
        1209  -1.7309099999999953     
        1210  -1.7662346938775464     
        1211  -1.7056780758017447     
        1212  -1.6955853061224444     
        1213  -1.7208172303206952     
        1214  -1.7258636151603453     
        1215  -1.7359563848396455     
        1216  -1.7258636151603453     
        1217  -1.7410027696792956     
        1218  -1.7359563848396455     
        1219  -1.7258636151603453     
        1220  -1.7410027696792956     
        1221  -1.7510955393585959     
        1222  -1.7157708454810450     
        1223  -1.7157708454810450     
        1224  -1.7157708454810450     
        1225  -1.6501678425655932     
        1226  -1.6400750728862932     
        1227  -1.6148431486880424     
        1228  -1.6350286880466429     
        1229  -1.6854925364431441     
        1230  -1.6501678425655932     
        1231  -1.6552142274052435     
        1232  -1.6552142274052435     
        1233  -1.7056780758017447     
        1234  -1.7107244606413949     
        1235  -1.7107244606413949     
        1236  -1.6753997667638441     
        1237  -1.6804461516034941     
        1238  -1.6804461516034941     
        1239  -1.6955853061224444     
        1240  -1.6804461516034941     
        1241  -1.6653069970845438     
        1242  -1.6451214577259432     
        1243  -1.6552142274052435     
        1244  -1.6753997667638441     
        1245  -1.6804461516034941     
        1246  -1.6653069970845438     
        1247  -1.6350286880466429     
        1248  -1.5845648396501417     
        1249  -1.6047503790087421     
        1250  -1.6249359183673426     
        1251  -1.6350286880466429     
        1252  -1.6703533819241938     
        1253  -1.6552142274052435     
        1254  -1.6552142274052435     
        1255  -1.6552142274052435     
        1256  -1.6501678425655932     
        1257  -1.6602606122448935     
        1258  -1.6552142274052435     
        1259  -1.6602606122448935     
        1260  -1.6653069970845438     
        1261  -1.6400750728862932     
        1262  -1.6552142274052435     
        1263  -1.6552142274052435     
        1264  -1.6804461516034941     
        1265  -1.6905389212827944     
        1266  -1.6905389212827944     
        1267  -1.6753997667638441     
        1268  -1.6552142274052435     
        1269  -1.6753997667638441     
        1270  -1.6955853061224444     
        1271  -1.7107244606413949     
        1272  -1.7006316909620947     
        1273  -1.7056780758017447     
        1274  -1.6955853061224444     
        1275  -1.6905389212827944     
        1276  -1.6653069970845438     
        1277  -1.6653069970845438     
        1278  -1.6552142274052435     
        1279  -1.6552142274052435     
        1280  -1.6703533819241938     
        1281  -1.6804461516034941     
        1282  -1.6955853061224444     
        1283  -1.6905389212827944     
        1284  -1.7208172303206952     
        1285  -1.7309099999999953     
        1286  -1.7309099999999953     
        1287  -1.7157708454810450     
        1288  -1.6804461516034941     
        1289  -1.6955853061224444     
        1290  -1.7006316909620947     
        1291  -1.7107244606413949     
        1292  -1.7208172303206952     
        1293  -1.7309099999999953     
        1294  -1.7208172303206952     
        1295  -1.7157708454810450     
        1296  -1.6905389212827944     
        1297  -1.7107244606413949     
        1298  -1.7056780758017447     
        1299  -1.7107244606413949     
        1300  -1.6955853061224444     
        1301  -1.6703533819241938     
        1302  -1.6854925364431441     
        1303  -1.6753997667638441     
        1304  -1.6804461516034941     
        1305  -1.6854925364431441     
        1306  -1.6854925364431441     
        1307  -1.6602606122448935     
        1308  -1.6703533819241938     
        1309  -1.7258636151603453     
        1310  -1.7107244606413949     
        1311  -1.6905389212827944     
        1312  -1.7107244606413949     
        1313  -1.7056780758017447     
        1314  -1.7309099999999953     
        1315  -1.7208172303206952     
        1316  -1.7006316909620947     
        1317  -1.6905389212827944     
        1318  -1.6905389212827944     
        1319  -1.7107244606413949     
        1320  -1.6854925364431441     
        1321  -1.7208172303206952     
        1322  -1.7107244606413949     
        1323  -1.6955853061224444     
        1324  -1.7107244606413949     
        1325  -1.7359563848396455     
        1326  -1.7309099999999953     
        1327  -1.7510955393585959     
        1328  -1.7460491545189458     
        1329  -1.7359563848396455     
        1330  -1.7208172303206952     
        1331  -1.7208172303206952     
        1332  -1.7359563848396455     
        1333  -1.7258636151603453     
        1334  -1.7359563848396455     
        1335  -1.7410027696792956     
        1336  -1.7359563848396455     
        1337  -1.7107244606413949     
        1338  -1.7208172303206952     
        1339  -1.7208172303206952     
        1340  -1.7359563848396455     
        1341  -1.7662346938775464     
        1342  -1.7208172303206952     
        1343  -1.7460491545189458     
        1344  -1.7510955393585959     
        1345  -1.7813738483964967     
        1346  -1.7965130029154470     
        1347  -1.7763274635568465     
        1348  -1.7813738483964967     
        1349  -1.7914666180757970     
        1350  -1.7510955393585959     
        1351  -1.7460491545189458     
        1352  -1.7460491545189458     
        1353  -1.7359563848396455     
        1354  -1.7359563848396455     
        1355  -1.7359563848396455     
        1356  -1.7309099999999953     
        1357  -1.7460491545189458     
        1358  -1.7510955393585959     
        1359  -1.7611883090378961     
        1360  -1.7561419241982461     
        1361  -1.7813738483964967     
        1362  -1.8116521574343976     
        1363  -1.7914666180757970     
        1364  -1.8066057725947473     
        1365  -1.8066057725947473     
        1366  -1.7864202332361467     
        1367  -1.7965130029154470     
        1368  -1.7813738483964967     
        1369  -1.8015593877550973     
        1370  -1.7813738483964967     
        1371  -1.7510955393585959     
        1372  -1.7460491545189458     
        1373  -1.7410027696792956     
        1374  -1.7359563848396455     
        1375  -1.7410027696792956     
        1376  -1.7914666180757970     
        1377  -1.7914666180757970     
        1378  -1.7864202332361467     
        1379  -1.8015593877550973     
        1380  -1.7914666180757970     
        1381  -1.7712810787171964     
        1382  -1.8066057725947473     
        1383  -1.8066057725947473     
        1384  -1.8116521574343976     
        1385  -1.8166985422740476     
        1386  -1.8267913119533479     
        1387  -1.8015593877550973     
        1388  -1.7914666180757970     
        1389  -1.7965130029154470     
        1390  -1.8066057725947473     
        1391  -1.7864202332361467     
        1392  -1.8116521574343976     
        1393  -1.7813738483964967     
        1394  -1.7662346938775464     
        1395  -1.7914666180757970     
        1396  -1.7763274635568465     
        1397  -1.7864202332361467     
        1398  -1.7561419241982461     
        1399  -1.7107244606413949     
        1400  -1.7309099999999953     
        1401  -1.7611883090378961     
        1402  -1.7359563848396455     
        1403  -1.7561419241982461     
        1404  -1.7611883090378961     
        1405  -1.7763274635568465     
        1406  -1.7712810787171964     
        1407  -1.7662346938775464     
        1408  -1.7763274635568465     
        1409  -1.7611883090378961     
        1410  -1.7662346938775464     
        1411  -1.7662346938775464     
        1412  -1.7208172303206952     
        1413  -1.7611883090378961     
        1414  -1.7359563848396455     
        1415  -1.7611883090378961     
        1416  -1.7208172303206952     
        1417  -1.7208172303206952     
        1418  -1.7107244606413949     
        1419  -1.7157708454810450     
        1420  -1.7309099999999953     
        1421  -1.7258636151603453     
        1422  -1.7359563848396455     
        1423  -1.7107244606413949     
        1424  -1.7056780758017447     
        1425  -1.6753997667638441     
        1426  -1.6753997667638441     
        1427  -1.6653069970845438     
        1428  -1.6753997667638441     
        1429  -1.7006316909620947     
        1430  -1.7410027696792956     
        1431  -1.7157708454810450     
        1432  -1.7157708454810450     
        1433  -1.7258636151603453     
        1434  -1.7258636151603453     
        1435  -1.7460491545189458     
        1436  -1.7359563848396455     
        1437  -1.7410027696792956     
        1438  -1.7662346938775464     
        1439  -1.7763274635568465     
        1440  -1.7864202332361467     
        1441  -1.8217449271136976     
        1442  -1.8217449271136976     
        1443  -1.8318376967929979     
        1444  -1.8166985422740476     
        1445  -1.8419304664722982     
        1446  -1.8166985422740476     
        1447  -1.8267913119533479     
        1448  -1.8217449271136976     
        1449  -1.8368840816326482     
        1450  -1.8621160058308988     
        1451  -1.8217449271136976     
        1452  -1.8419304664722982     
        1453  -1.8469768513119484     
        1454  -1.8419304664722982     
        1455  -1.8621160058308988     
        1456  -1.8520232361515985     
        1457  -1.8772551603498491     
        1458  -1.8772551603498491     
        1459  -1.8671623906705488     
        1460  -1.8166985422740476     
        1461  -1.8570696209912487     
        1462  -1.8520232361515985     
        1463  -1.8520232361515985     
        1464  -1.8520232361515985     
        1465  -1.8419304664722982     
        1466  -1.8166985422740476     
        1467  -1.8217449271136976     
        1468  -1.8116521574343976     
        1469  -1.8166985422740476     
        1470  -1.8368840816326482     
        1471  -1.8267913119533479     
        1472  -1.7965130029154470     
        1473  -1.8217449271136976     
        1474  -1.7864202332361467     
        1475  -1.7611883090378961     
        1476  -1.7611883090378961     
        1477  -1.7611883090378961     
        1478  -1.7561419241982461     
        1479  -1.7359563848396455     
        1480  -1.7410027696792956     
        1481  -1.7359563848396455     
        1482  -1.7107244606413949     
        1483  -1.7056780758017447     
        1484  -1.6804461516034941     
        1485  -1.7208172303206952     
        1486  -1.7309099999999953     
        1487  -1.7157708454810450     
        1488  -1.7309099999999953     
        1489  -1.7359563848396455     
        1490  -1.7460491545189458     
        1491  -1.7611883090378961     
        1492  -1.7309099999999953     
        1493  -1.7561419241982461     
        1494  -1.7712810787171964     
        1495  -1.7763274635568465     
        1496  -1.7965130029154470     
        1497  -1.8116521574343976     
        1498  -1.8267913119533479     
        1499  -1.8015593877550973     
        1500  -1.8217449271136976     
        1501  -1.8066057725947473     
        1502  -1.7965130029154470     
        1503  -1.7712810787171964     
        1504  -1.7864202332361467     
        1505  -1.7662346938775464     
        1506  -1.8267913119533479     
        1507  -1.8116521574343976     
        1508  -1.8015593877550973     
        1509  -1.8267913119533479     
        1510  -1.8368840816326482     
        1511  -1.8267913119533479     
        1512  -1.8116521574343976     
        1513  -1.7712810787171964     
        1514  -1.7914666180757970     
        1515  -1.7965130029154470     
        1516  -1.7712810787171964     
        1517  -1.7813738483964967     
        1518  -1.7763274635568465     
        1519  -1.7662346938775464     
        1520  -1.8015593877550973     
        1521  -1.8116521574343976     
        1522  -1.8066057725947473     
        1523  -1.8368840816326482     
        1524  -1.8570696209912487     
        1525  -1.8419304664722982     
        1526  -1.8318376967929979     
        1527  -1.8267913119533479     
        1528  -1.8166985422740476     
        1529  -1.8419304664722982     
        1530  -1.8570696209912487     
        1531  -1.8217449271136976     
        1532  -1.8166985422740476     
        1533  -1.8066057725947473     
        1534  -1.7965130029154470     
        1535  -1.8066057725947473     
        1536  -1.8217449271136976     
        1537  -1.8318376967929979     
        1538  -1.8520232361515985     
        1539  -1.8267913119533479     
        1540  -1.8217449271136976     
        1541  -1.8066057725947473     
        1542  -1.8015593877550973     
        1543  -1.8066057725947473     
        1544  -1.7965130029154470     
        1545  -1.7763274635568465     
        1546  -1.7864202332361467     
        1547  -1.8066057725947473     
        1548  -1.8217449271136976     
        1549  -1.8015593877550973     
        1550  -1.7914666180757970     
        1551  -1.8015593877550973     
        1552  -1.7914666180757970     
        1553  -1.7763274635568465     
        1554  -1.7208172303206952     
        1555  -1.7410027696792956     
        1556  -1.7561419241982461     
        1557  -1.7258636151603453     
        1558  -1.6955853061224444     
        1559  -1.7359563848396455     
        1560  -1.7157708454810450     
        1561  -1.7410027696792956     
        1562  -1.7410027696792956     
        1563  -1.7107244606413949     
        1564  -1.6955853061224444     
        1565  -1.7309099999999953     
        1566  -1.7763274635568465     
        1567  -1.7410027696792956     
        1568  -1.7056780758017447     
        1569  -1.7056780758017447     
        1570  -1.6804461516034941     
        1571  -1.6552142274052435     
        1572  -1.7107244606413949     
        1573  -1.6854925364431441     
        1574  -1.7208172303206952     
        1575  -1.7561419241982461     
        1576  -1.7763274635568465     
        1577  -1.8116521574343976     
        1578  -1.7813738483964967     
        1579  -1.8166985422740476     
        1580  -1.8419304664722982     
        1581  -1.8419304664722982     
        1582  -1.8267913119533479     
        1583  -1.8166985422740476     
        1584  -1.8217449271136976     
        1585  -1.8166985422740476     
        1586  -1.8066057725947473     
        1587  -1.7813738483964967     
        1588  -1.8015593877550973     
        1589  -1.7510955393585959     
        1590  -1.7460491545189458     
        1591  -1.7611883090378961     
        1592  -1.7611883090378961     
        1593  -1.7510955393585959     
        1594  -1.7107244606413949     
        1595  -1.7611883090378961     
        1596  -1.7611883090378961     
        1597  -1.7460491545189458     
        1598  -1.7712810787171964     
        1599  -1.7813738483964967     
        1600  -1.7763274635568465     
        1601  -1.7510955393585959     
        1602  -1.7309099999999953     
        1603  -1.7056780758017447     
        1604  -1.7410027696792956     
        1605  -1.7712810787171964     
        1606  -1.7410027696792956     
        1607  -1.7712810787171964     
        1608  -1.7662346938775464     
        1609  -1.7309099999999953     
        1610  -1.7763274635568465     
        1611  -1.7712810787171964     
        1612  -1.7460491545189458     
        1613  -1.7410027696792956     
        1614  -1.7813738483964967     
        1615  -1.7712810787171964     
        1616  -1.7914666180757970     
        1617  -1.8116521574343976     
        1618  -1.7864202332361467     
        1619  -1.8015593877550973     
        1620  -1.7914666180757970     
        1621  -1.8066057725947473     
        1622  -1.8217449271136976     
        1623  -1.8368840816326482     
        1624  -1.7813738483964967     
        1625  -1.7763274635568465     
        1626  -1.7460491545189458     
        1627  -1.7359563848396455     
        1628  -1.7712810787171964     
        1629  -1.7611883090378961     
        1630  -1.7763274635568465     
        1631  -1.7914666180757970     
        1632  -1.7914666180757970     
        1633  -1.7662346938775464     
        1634  -1.7510955393585959     
        1635  -1.7309099999999953     
        1636  -1.7258636151603453     
        1637  -1.7258636151603453     
        1638  -1.7359563848396455     
        1639  -1.7410027696792956     
        1640  -1.7561419241982461     
        1641  -1.7258636151603453     
        1642  -1.7611883090378961     
        1643  -1.7864202332361467     
        1644  -1.7813738483964967     
        1645  -1.8166985422740476     
        1646  -1.8318376967929979     
        1647  -1.8217449271136976     
        1648  -1.8166985422740476     
        1649  -1.8267913119533479     
        1650  -1.8267913119533479     
        1651  -1.7813738483964967     
        1652  -1.8066057725947473     
        1653  -1.8217449271136976     
        1654  -1.8267913119533479     
        1655  -1.8015593877550973     
        1656  -1.8267913119533479     
        1657  -1.8166985422740476     
        1658  -1.8318376967929979     
        1659  -1.8671623906705488     
        1660  -1.8469768513119484     
        1661  -1.8166985422740476     
        1662  -1.8368840816326482     
        1663  -1.8621160058308988     
        1664  -1.8621160058308988     
        1665  -1.8873479300291494     
        1666  -1.8772551603498491     
        1667  -1.8823015451894993     
        1668  -1.8671623906705488     
        1669  -1.8671623906705488     
        1670  -1.8671623906705488     
        1671  -1.8469768513119484     
        1672  -1.8570696209912487     
        1673  -1.8520232361515985     
        1674  -1.8621160058308988     
        1675  -1.8621160058308988     
        1676  -1.8520232361515985     
        1677  -1.8368840816326482     
        1678  -1.8520232361515985     
        1679  -1.8419304664722982     
        1680  -1.8368840816326482     
        1681  -1.8217449271136976     
        1682  -1.7965130029154470     
        1683  -1.8116521574343976     
        1684  -1.8217449271136976     
        1685  -1.8469768513119484     
        1686  -1.8722087755101990     
        1687  -1.8722087755101990     
        1688  -1.8722087755101990     
        1689  -1.8419304664722982     
        1690  -1.8671623906705488     
        1691  -1.8520232361515985     
        1692  -1.8671623906705488     
        1693  -1.8873479300291494     
        1694  -1.8873479300291494     
        1695  -1.8873479300291494     
        1696  -1.8671623906705488     
        1697  -1.8873479300291494     
        1698  -1.9024870845480999     
        1699  -1.8671623906705488     
        1700  -1.9226726239067002     
        1701  -1.9125798542274000     
        1702  -1.8772551603498491     
        1703  -1.9024870845480999     
        1704  -1.8671623906705488     
        1705  -1.9024870845480999     
        1706  -1.9378117784256508     
        1707  -1.9075334693877499     
        1708  -1.8823015451894993     
        1709  -1.8267913119533479     
        1710  -1.8469768513119484     
        1711  -1.8772551603498491     
        1712  -1.8570696209912487     
        1713  -1.8671623906705488     
        1714  -1.8772551603498491     
        1715  -1.8722087755101990     
        1716  -1.9075334693877499     
        1717  -1.8823015451894993     
        1718  -1.9176262390670502     
        1719  -1.9176262390670502     
        1720  -1.9176262390670502     
        1721  -1.9327653935860005     
        1722  -1.9176262390670502     
        1723  -1.9125798542274000     
        1724  -1.8772551603498491     
        1725  -1.8974406997084496     
        1726  -1.8923943148687996     
        1727  -1.8873479300291494     
        1728  -1.9024870845480999     
        1729  -1.9226726239067002     
        1730  -1.9024870845480999     
        1731  -1.9024870845480999     
        1732  -1.9226726239067002     
        1733  -1.8823015451894993     
        1734  -1.9075334693877499     
        1735  -1.8974406997084496     
        1736  -1.8621160058308988     
        1737  -1.8923943148687996     
        1738  -1.8823015451894993     
        1739  -1.8923943148687996     
        1740  -1.8974406997084496     
        1741  -1.8873479300291494     
        1742  -1.8823015451894993     
        1743  -1.8923943148687996     
        1744  -1.8923943148687996     
        1745  -1.8621160058308988     
        1746  -1.8873479300291494     
        1747  -1.8722087755101990     
        1748  -1.8823015451894993     
        1749  -1.8772551603498491     
        1750  -1.9024870845480999     
        1751  -1.9277190087463505     
        1752  -1.9176262390670502     
        1753  -1.9125798542274000     
        1754  -1.9327653935860005     
        1755  -1.9226726239067002     
        1756  -1.8974406997084496     
        1757  -1.8722087755101990     
        1758  -1.8823015451894993     
        1759  -1.8722087755101990     
        1760  -1.8873479300291494     
        1761  -1.9024870845480999     
        1762  -1.9075334693877499     
        1763  -1.8823015451894993     
        1764  -1.8873479300291494     
        1765  -1.8621160058308988     
        1766  -1.8671623906705488     
        1767  -1.8469768513119484     
        1768  -1.8520232361515985     
        1769  -1.8469768513119484     
        1770  -1.8469768513119484     
        1771  -1.8621160058308988     
        1772  -1.8621160058308988     
        1773  -1.8772551603498491     
        1774  -1.8823015451894993     
        1775  -1.8671623906705488     
        1776  -1.8772551603498491     
        1777  -1.9075334693877499     
        1778  -1.9024870845480999     
        1779  -1.9125798542274000     
        1780  -1.9075334693877499     
        1781  -1.8923943148687996     
        1782  -1.9024870845480999     
        1783  -1.8671623906705488     
        1784  -1.8923943148687996     
        1785  -1.9125798542274000     
        1786  -1.9075334693877499     
        1787  -1.8772551603498491     
        1788  -1.8974406997084496     
        1789  -1.9226726239067002     
        1790  -1.9075334693877499     
        1791  -1.9176262390670502     
        1792  -1.9024870845480999     
        1793  -1.8923943148687996     
        1794  -1.8923943148687996     
        1795  -1.9125798542274000     
        1796  -1.9327653935860005     
        1797  -1.9378117784256508     
        1798  -1.9378117784256508     
        1799  -1.9529509329446011     
        1800  -1.9680900874635514     
        1801  -1.9529509329446011     
        1802  -1.9680900874635514     
        1803  -1.9731364723032017     
        1804  -1.9378117784256508     
        1805  -1.9428581632653008     
        1806  -1.9529509329446011     
        1807  -1.9226726239067002     
        1808  -1.9075334693877499     
        1809  -1.9024870845480999     
        1810  -1.9024870845480999     
        1811  -1.8671623906705488     
        1812  -1.8873479300291494     
        1813  -1.9277190087463505     
        1814  -1.9529509329446011     
        1815  -1.9630437026239014     
        1816  -1.9529509329446011     
        1817  -1.9529509329446011     
        1818  -1.9529509329446011     
        1819  -1.9428581632653008     
        1820  -1.9428581632653008     
        1821  -1.9579973177842511     
        1822  -1.9529509329446011     
        1823  -1.9630437026239014     
        1824  -1.9529509329446011     
        1825  -1.9479045481049511     
        1826  -1.8974406997084496     
        1827  -1.9125798542274000     
        1828  -1.9024870845480999     
        1829  -1.9075334693877499     
        1830  -1.9327653935860005     
        1831  -1.9731364723032017     
        1832  -1.9579973177842511     
        1833  -1.9479045481049511     
        1834  -1.9579973177842511     
        1835  -1.9479045481049511     
        1836  -1.9479045481049511     
        1837  -1.9579973177842511     
        1838  -1.9125798542274000     
        1839  -1.9075334693877499     
        1840  -1.9176262390670502     
        1841  -1.9378117784256508     
        1842  -1.9529509329446011     
        1843  -1.9226726239067002     
        1844  -1.9378117784256508     
        1845  -1.9327653935860005     
        1846  -1.9479045481049511     
        1847  -1.9529509329446011     
        1848  -1.9630437026239014     
        1849  -1.9428581632653008     
        1850  -1.9277190087463505     
        1851  -1.9479045481049511     
        1852  -1.9479045481049511     
        1853  -1.9529509329446011     
        1854  -1.9378117784256508     
        1855  -1.9579973177842511     
        1856  -1.9428581632653008     
        1857  -1.9479045481049511     
        1858  -1.9579973177842511     
        1859  -1.9579973177842511     
        1860  -1.9479045481049511     
        1861  -1.9327653935860005     
        1862  -1.8923943148687996     
        1863  -1.8974406997084496     
        1864  -1.8974406997084496     
        1865  -1.8923943148687996     
        1866  -1.9125798542274000     
        1867  -1.9024870845480999     
        1868  -1.8873479300291494     
        1869  -1.8873479300291494     
        1870  -1.8722087755101990     
        1871  -1.8772551603498491     
        1872  -1.8974406997084496     
        1873  -1.9176262390670502     
        1874  -1.9075334693877499     
        1875  -1.8974406997084496     
        1876  -1.8974406997084496     
        1877  -1.9327653935860005     
        1878  -1.9428581632653008     
        1879  -1.9378117784256508     
        1880  -1.9378117784256508     
        1881  -1.9327653935860005     
        1882  -1.9327653935860005     
        1883  -1.9327653935860005     
        1884  -1.9378117784256508     
        1885  -1.9781828571428517     
        1886  -1.9680900874635514     
        1887  -1.9781828571428517     
        1888  -1.9832292419825019     
        1889  -1.9428581632653008     
        1890  -1.9428581632653008     
        1891  -1.9125798542274000     
        1892  -1.9428581632653008     
        1893  -1.9226726239067002     
        1894  -1.9075334693877499     
        1895  -1.9479045481049511     
        1896  -1.9529509329446011     
        1897  -1.9579973177842511     
        1898  -1.9630437026239014     
        1899  -1.9680900874635514     
        1900  -1.9579973177842511     
        1901  -1.9882756268221520     
        1902  -2.0034147813411023     
        1903  -1.9680900874635514     
        1904  -1.9983683965014523     
        1905  -1.9882756268221520     
        1906  -1.9781828571428517     
        1907  -1.9630437026239014     
        1908  -1.9378117784256508     
        1909  -1.9024870845480999     
        1910  -1.9024870845480999     
        1911  -1.9226726239067002     
        1912  -1.9226726239067002     
        1913  -1.9125798542274000     
        1914  -1.9479045481049511     
        1915  -1.9579973177842511     
        1916  -1.9529509329446011     
        1917  -1.9226726239067002     
        1918  -1.9428581632653008     
        1919  -1.9378117784256508     
        1920  -1.9075334693877499     
        1921  -1.9327653935860005     
        1922  -1.8873479300291494     
        1923  -1.8722087755101990     
        1924  -1.8974406997084496     
        1925  -1.8974406997084496     
        1926  -1.8974406997084496     
        1927  -1.8873479300291494     
        1928  -1.8974406997084496     
        1929  -1.8923943148687996     
        1930  -1.9125798542274000     
        1931  -1.8923943148687996     
        1932  -1.8923943148687996     
        1933  -1.8873479300291494     
        1934  -1.8923943148687996     
        1935  -1.9024870845480999     
        1936  -1.9277190087463505     
        1937  -1.9327653935860005     
        1938  -1.9327653935860005     
        1939  -1.9024870845480999     
        1940  -1.8974406997084496     
        1941  -1.8923943148687996     
        1942  -1.9226726239067002     
        1943  -1.9226726239067002     
        1944  -1.9226726239067002     
        1945  -1.8974406997084496     
        1946  -1.8772551603498491     
        1947  -1.8923943148687996     
        1948  -1.8873479300291494     
        1949  -1.8974406997084496     
        1950  -1.9378117784256508     
        1951  -1.9277190087463505     
        1952  -1.8873479300291494     
        1953  -1.8671623906705488     
        1954  -1.8823015451894993     
        1955  -1.8722087755101990     
        1956  -1.8873479300291494     
        1957  -1.9277190087463505     
        1958  -1.8923943148687996     
        1959  -1.9024870845480999     
        1960  -1.9327653935860005     
        1961  -1.9226726239067002     
        1962  -1.9075334693877499     
        1963  -1.9579973177842511     
        1964  -1.9277190087463505     
        1965  -1.9176262390670502     
        1966  -1.9630437026239014     
        1967  -1.9378117784256508     
        1968  -1.9378117784256508     
        1969  -1.9226726239067002     
        1970  -1.9479045481049511     
        1971  -1.9428581632653008     
        1972  -1.9176262390670502     
        1973  -1.9378117784256508     
        1974  -1.8974406997084496     
        1975  -1.8923943148687996     
        1976  -1.9024870845480999     
        1977  -1.9075334693877499     
        1978  -1.9125798542274000     
        1979  -1.8621160058308988     
        1980  -1.8823015451894993     
        1981  -1.8722087755101990     
        1982  -1.8671623906705488     
        1983  -1.8823015451894993     
        1984  -1.8772551603498491     
        1985  -1.8671623906705488     
        1986  -1.8772551603498491     
        1987  -1.8722087755101990     
        1988  -1.8772551603498491     
        1989  -1.8823015451894993     
        1990  -1.8671623906705488     
        1991  -1.8671623906705488     
        1992  -1.8419304664722982     
        1993  -1.8116521574343976     
        1994  -1.8621160058308988     
        1995  -1.8368840816326482     
        1996  -1.8570696209912487     
        1997  -1.8772551603498491     
        1998  -1.8823015451894993     
        1999  -1.8974406997084496     
        2000  -1.8873479300291494     
